user,item,rating,timestamp
455,417,3.0,1343088000
429,119,3.0,1367452800
546,712,3.0,1385337600
713,318,4.0,1338940800
619,166,4.0,1316822400
600,865,5.0,1405900800
354,603,5.0,1387324800
675,158,5.0,1335312000
643,402,4.0,1349136000
242,41,5.0,1356912000
181,339,4.0,1339718400
288,668,5.0,1376006400
421,681,4.0,1398470400
812,753,4.0,1377129600
915,397,5.0,1372464000
149,85,5.0,1282608000
120,93,2.0,1287187200
744,662,3.0,1384300800
588,643,5.0,1383868800
212,681,4.0,1399420800
442,724,2.0,1378944000
243,172,5.0,1318896000
609,247,4.0,1316736000
183,387,4.0,1346889600
388,25,5.0,1350345600
488,429,4.0,1348531200
439,858,4.0,1399420800
545,214,4.0,1372118400
882,187,4.0,1308873600
530,57,4.0,1262563200
243,835,4.0,1395273600
424,282,4.0,1329955200
19,500,3.0,1361059200
633,488,4.0,1352678400
601,469,5.0,1368576000
273,779,5.0,1385596800
589,415,4.0,1357171200
51,666,3.0,1379894400
722,840,4.0,1404086400
797,396,4.0,1349481600
280,438,5.0,1357257600
604,308,5.0,1338336000
767,179,2.0,1315958400
605,699,4.0,1385337600
330,837,5.0,1400112000
82,756,2.0,1381536000
325,358,5.0,1353974400
95,157,3.0,1348876800
201,223,4.0,1331596800
289,852,5.0,1403913600
54,159,5.0,1359072000
913,350,5.0,1384992000
763,482,5.0,1345507200
521,376,3.0,1348012800
533,590,4.0,1383091200
442,721,5.0,1377129600
413,609,4.0,1372118400
37,712,4.0,1387411200
151,309,5.0,1344729600
625,54,2.0,1339632000
439,145,5.0,1349222400
371,684,4.0,1375056000
37,563,5.0,1381968000
306,600,4.0,1383696000
646,253,2.0,1338422400
52,116,4.0,1316131200
520,42,4.0,1229558400
443,81,4.0,1293062400
655,830,4.0,1395705600
642,186,3.0,1310774400
47,0,5.0,1355270400
559,266,3.0,1333929600
335,459,5.0,1344211200
435,667,5.0,1374710400
287,294,2.0,1331164800
885,473,5.0,1350345600
168,491,4.0,1351641600
348,426,4.0,1342483200
392,833,5.0,1400112000
41,868,5.0,1404086400
133,386,4.0,1346112000
496,44,4.0,1223769600
132,183,5.0,1306368000
4,604,5.0,1382572800
225,799,3.0,1400112000
205,546,5.0,1376524800
383,704,5.0,1378684800
434,50,3.0,1342569600
709,72,4.0,1285027200
638,85,5.0,1282694400
869,225,5.0,1316044800
37,38,4.0,1226534400
912,316,4.0,1338768000
132,231,5.0,1319068800
463,203,4.0,1314230400
263,402,3.0,1356566400
822,169,4.0,1318896000
362,203,4.0,1315785600
230,12,4.0,1350518400
251,473,5.0,1348704000
503,328,5.0,1349049600
112,285,4.0,1337212800
857,260,5.0,1317168000
103,244,4.0,1314057600
193,835,3.0,1394150400
836,642,4.0,1376438400
288,547,5.0,1382745600
811,434,5.0,1347321600
385,663,5.0,1380240000
558,606,4.0,1376352000
809,836,3.0,1397692800
163,337,5.0,1338508800
119,118,4.0,1324425600
498,825,3.0,1395187200
389,267,5.0,1323907200
764,428,2.0,1348099200
105,64,4.0,1285286400
571,513,3.0,1361318400
848,283,2.0,1357171200
747,285,5.0,1366848000
19,337,4.0,1339891200
658,237,2.0,1356912000
131,828,3.0,1394841600
743,408,2.0,1349740800
193,792,5.0,1400976000
880,591,5.0,1379894400
278,774,5.0,1397692800
473,152,5.0,1388361600
731,448,4.0,1353974400
374,454,5.0,1355356800
866,272,5.0,1345507200
272,178,3.0,1308787200
371,218,4.0,1343174400
107,748,5.0,1384041600
730,569,4.0,1373932800
696,647,4.0,1367539200
826,564,4.0,1377388800
453,182,3.0,1345680000
370,221,4.0,1319846400
573,609,4.0,1373673600
68,9,3.0,1381017600
519,319,4.0,1337040000
883,634,4.0,1387324800
151,654,3.0,1384992000
35,747,5.0,1388275200
107,754,4.0,1383264000
726,721,4.0,1379462400
639,799,4.0,1401148800
658,542,4.0,1359590400
4,353,5.0,1346284800
917,825,3.0,1392854400
856,419,3.0,1351382400
732,114,5.0,1315440000
145,269,5.0,1337040000
205,443,4.0,1361404800
439,854,5.0,1395964800
866,588,5.0,1379635200
132,292,5.0,1331769600
239,751,5.0,1385424000
44,177,4.0,1316563200
861,158,5.0,1335312000
731,361,4.0,1351123200
374,278,5.0,1401753600
387,449,5.0,1349740800
335,54,4.0,1338854400
772,690,4.0,1386028800
623,464,5.0,1348617600
146,47,4.0,1219795200
617,603,4.0,1386806400
77,4,5.0,1289174400
164,861,1.0,1404518400
657,719,4.0,1377648000
3,661,3.0,1373241600
21,620,2.0,1384819200
383,258,4.0,1342656000
461,361,4.0,1348531200
112,114,5.0,1321920000
537,500,1.0,1366243200
178,415,4.0,1349222400
266,531,4.0,1375574400
290,135,4.0,1360800000
833,584,4.0,1376956800
245,764,5.0,1388361600
887,785,4.0,1390608000
284,164,5.0,1366329600
637,401,3.0,1350345600
866,216,3.0,1364688000
799,593,5.0,1380844800
563,574,4.0,1383177600
411,816,4.0,1400371200
163,689,5.0,1377043200
705,513,4.0,1363132800
84,274,5.0,1326326400
63,573,4.0,1383177600
378,678,3.0,1373328000
792,854,5.0,1396656000
24,112,5.0,1348617600
280,825,3.0,1389657600
338,672,4.0,1372809600
200,502,5.0,1392768000
74,332,4.0,1340236800
205,331,5.0,1345075200
20,613,5.0,1385596800
438,30,4.0,1355011200
462,143,5.0,1323043200
324,446,4.0,1350345600
20,705,3.0,1385510400
763,118,4.0,1318377600
534,578,5.0,1385510400
200,327,5.0,1355961600
353,148,3.0,1361145600
511,278,3.0,1402963200
670,774,5.0,1395964800
516,711,3.0,1385596800
502,587,1.0,1384905600
602,148,1.0,1356566400
847,853,5.0,1402531200
553,170,5.0,1316649600
775,808,4.0,1398124800
140,97,2.0,1290038400
174,339,5.0,1339545600
54,65,4.0,1287619200
120,187,4.0,1309132800
739,216,5.0,1365120000
740,116,3.0,1314576000
104,4,5.0,1287532800
522,509,5.0,1362182400
258,582,5.0,1375401600
792,150,5.0,1347148800
206,150,3.0,1344384000
273,701,5.0,1377216000
147,611,5.0,1386979200
875,843,4.0,1395273600
577,849,4.0,1394064000
708,374,5.0,1332288000
655,313,3.0,1340928000
291,500,3.0,1366502400
257,679,4.0,1388361600
676,822,2.0,1395014400
622,771,3.0,1382054400
78,496,2.0,1395187200
362,547,4.0,1382745600
676,558,5.0,1382572800
269,534,3.0,1382572800
21,698,3.0,1384819200
204,705,5.0,1385424000
588,603,5.0,1380153600
919,740,5.0,1379721600
295,16,4.0,1354665600
164,821,4.0,1386547200
379,314,4.0,1382140800
615,164,5.0,1335139200
822,481,3.0,1355875200
244,203,3.0,1321833600
329,732,5.0,1383004800
693,684,4.0,1377388800
634,200,5.0,1317686400
410,264,3.0,1353974400
519,492,4.0,1353974400
161,8,5.0,1355270400
330,363,4.0,1384387200
854,153,3.0,1319155200
751,757,2.0,1379289600
467,385,3.0,1354320000
614,774,4.0,1395187200
315,368,2.0,1352419200
426,294,3.0,1331337600
107,4,3.0,1286409600
37,458,5.0,1345075200
162,256,3.0,1321228800
302,301,4.0,1346976000
172,161,5.0,1337817600
914,488,5.0,1354665600
743,377,3.0,1345334400
584,655,4.0,1386547200
297,256,5.0,1341446400
517,345,3.0,1332288000
573,375,4.0,1346198400
790,154,4.0,1332201600
757,418,4.0,1353456000
584,753,5.0,1379894400
769,834,2.0,1393372800
156,214,5.0,1368576000
224,55,5.0,1290816000
551,209,4.0,1324771200
444,685,5.0,1376524800
444,85,5.0,1282521600
117,779,3.0,1386374400
162,105,4.0,1293580800
855,213,4.0,1316995200
323,457,3.0,1342396800
348,126,1.0,1289174400
783,131,3.0,1385942400
751,754,4.0,1379289600
58,392,5.0,1349308800
476,619,1.0,1383004800
168,53,5.0,1349136000
415,246,2.0,1323475200
735,155,4.0,1335571200
145,479,4.0,1348617600
189,28,4.0,1358380800
380,738,4.0,1385769600
760,274,4.0,1336608000
512,99,4.0,1291852800
86,695,4.0,1377820800
434,807,1.0,1403136000
179,641,4.0,1372377600
697,245,5.0,1322524800
51,340,5.0,1359590400
584,513,4.0,1360454400
45,695,5.0,1379289600
270,836,3.0,1397174400
685,821,4.0,1389571200
366,678,3.0,1372723200
471,717,5.0,1383609600
751,494,2.0,1355961600
836,676,4.0,1384387200
802,855,3.0,1392595200
793,658,4.0,1383350400
241,13,5.0,1228262400
160,50,4.0,1341446400
41,822,3.0,1393286400
502,766,3.0,1384905600
401,811,4.0,1403136000
140,459,4.0,1344038400
291,166,4.0,1316563200
719,116,4.0,1316908800
479,149,5.0,1340841600
598,316,5.0,1339977600
278,232,5.0,1321488000
707,317,5.0,1342137600
842,569,4.0,1374019200
391,141,5.0,1321056000
792,610,5.0,1405900800
8,41,5.0,1355529600
658,800,4.0,1400284800
394,139,4.0,1345680000
314,269,5.0,1352073600
887,870,3.0,1405814400
217,837,3.0,1394496000
737,816,5.0,1403136000
156,472,5.0,1357948800
403,434,5.0,1346630400
703,584,5.0,1376352000
377,319,4.0,1336953600
678,695,3.0,1381968000
32,604,5.0,1384992000
576,286,3.0,1337817600
75,273,4.0,1350518400
140,7,5.0,1383177600
631,711,4.0,1386115200
372,800,4.0,1400025600
342,816,4.0,1399248000
571,408,4.0,1350518400
401,708,1.0,1383091200
313,17,4.0,1344988800
352,21,5.0,1339372800
428,101,4.0,1287446400
815,717,5.0,1381795200
249,568,4.0,1375228800
257,813,3.0,1403136000
551,323,5.0,1365811200
641,408,4.0,1349308800
123,531,5.0,1374969600
287,312,4.0,1349136000
612,139,4.0,1317254400
583,598,5.0,1384905600
813,830,4.0,1393804800
618,360,4.0,1349049600
401,325,5.0,1354060800
916,792,5.0,1403222400
323,719,1.0,1378944000
915,543,5.0,1375228800
374,471,4.0,1362614400
421,129,3.0,1309824000
3,141,5.0,1320364800
502,651,4.0,1389830400
85,78,3.0,1279843200
734,523,4.0,1358812800
416,643,5.0,1383004800
233,813,3.0,1398902400
315,206,3.0,1334361600
436,819,4.0,1396137600
717,707,2.0,1382659200
436,230,4.0,1317081600
451,713,4.0,1384905600
186,697,5.0,1386115200
350,35,4.0,1316649600
301,135,5.0,1349740800
136,168,4.0,1317168000
792,527,4.0,1365465600
741,772,3.0,1383004800
81,35,4.0,1316908800
435,478,5.0,1345680000
138,630,5.0,1378252800
578,849,5.0,1392076800
63,816,4.0,1401408000
580,323,4.0,1337644800
472,770,4.0,1381708800
218,14,5.0,1384646400
336,21,4.0,1336867200
202,661,4.0,1375142400
370,748,5.0,1377129600
305,399,4.0,1365292800
294,505,5.0,1368662400
285,782,3.0,1384819200
525,220,4.0,1317945600
3,166,4.0,1317168000
58,686,4.0,1372896000
1,235,5.0,1383004800
557,267,5.0,1323820800
874,594,5.0,1381881600
583,653,5.0,1384905600
37,380,5.0,1348704000
286,755,5.0,1378080000
136,827,5.0,1390780800
427,726,1.0,1376265600
424,797,2.0,1401494400
389,92,4.0,1280016000
635,637,4.0,1375574400
748,390,3.0,1351987200
452,426,4.0,1341532800
395,26,5.0,1386633600
236,530,5.0,1356480000
741,664,2.0,1373673600
380,712,5.0,1383004800
310,386,4.0,1350950400
498,633,4.0,1381881600
441,115,2.0,1318291200
403,573,5.0,1382918400
788,365,5.0,1346284800
750,169,4.0,1337126400
354,609,4.0,1375315200
679,711,4.0,1384992000
339,463,5.0,1351036800
77,842,4.0,1395100800
78,222,5.0,1323388800
610,417,4.0,1345593600
699,678,4.0,1373932800
764,784,4.0,1384905600
194,335,5.0,1337212800
249,177,5.0,1332806400
304,137,5.0,1340668800
569,465,5.0,1349049600
694,325,5.0,1355011200
655,587,3.0,1386633600
906,599,4.0,1382572800
703,318,5.0,1339718400
632,464,3.0,1358208000
31,159,5.0,1341964800
916,514,4.0,1365033600
445,814,5.0,1397088000
654,827,4.0,1392854400
777,788,5.0,1398124800
185,463,4.0,1353283200
297,328,5.0,1350604800
912,547,4.0,1382918400
653,783,3.0,1377561600
291,339,5.0,1340150400
634,256,4.0,1317686400
149,854,4.0,1396310400
235,573,5.0,1385251200
773,827,4.0,1391472000
37,711,5.0,1387238400
640,677,4.0,1377475200
172,799,4.0,1401235200
402,98,1.0,1296086400
89,67,4.0,1284681600
151,355,5.0,1341100800
758,499,4.0,1357344000
143,226,4.0,1319587200
149,238,5.0,1379894400
140,684,5.0,1375833600
384,24,5.0,1361923200
727,237,5.0,1350950400
149,274,5.0,1322870400
99,81,5.0,1293321600
35,576,5.0,1386460800
447,182,3.0,1344729600
625,142,4.0,1321833600
172,465,5.0,1347235200
122,452,3.0,1345420800
817,278,3.0,1403481600
13,119,3.0,1315699200
304,575,4.0,1381968000
196,44,5.0,1222128000
281,349,2.0,1375056000
168,157,5.0,1349136000
648,806,5.0,1402617600
775,120,5.0,1316563200
832,862,5.0,1403481600
37,299,5.0,1349481600
793,580,2.0,1383264000
85,163,4.0,1316995200
153,147,3.0,1355961600
69,282,5.0,1331769600
583,475,2.0,1349740800
737,220,5.0,1318118400
126,11,5.0,1342569600
310,842,3.0,1396742400
83,798,4.0,1403568000
121,325,5.0,1352764800
495,229,3.0,1329264000
149,817,5.0,1395273600
200,663,5.0,1383177600
77,819,3.0,1394150400
571,231,5.0,1317945600
61,169,4.0,1316476800
700,220,4.0,1319068800
374,165,5.0,1323475200
523,471,5.0,1363824000
472,266,4.0,1326412800
406,288,5.0,1333584000
669,832,4.0,1401494400
453,788,5.0,1398038400
70,45,3.0,1327017600
434,125,3.0,1290384000
563,587,3.0,1386806400
131,465,4.0,1377302400
240,303,3.0,1344470400
297,518,4.0,1362182400
176,722,4.0,1377561600
531,705,4.0,1387324800
241,555,4.0,1380499200
546,176,5.0,1330128000
275,558,5.0,1383782400
829,673,4.0,1380844800
467,648,2.0,1383350400
895,561,5.0,1374105600
774,562,3.0,1390694400
40,721,3.0,1375142400
835,188,5.0,1349049600
456,392,4.0,1361664000
763,647,5.0,1367798400
541,266,4.0,1324857600
177,485,4.0,1361664000
268,382,5.0,1346025600
265,805,4.0,1403568000
575,602,5.0,1387324800
335,365,4.0,1346198400
45,799,3.0,1403049600
679,457,3.0,1341878400
493,92,4.0,1279756800
788,310,5.0,1342483200
507,59,4.0,1353369600
747,697,5.0,1384214400
517,784,4.0,1387065600
350,698,4.0,1383782400
137,853,5.0,1403049600
29,844,3.0,1397433600
689,166,2.0,1355702400
759,458,5.0,1343260800
344,565,5.0,1375142400
376,183,4.0,1330819200
580,154,4.0,1318809600
776,624,4.0,1371340800
42,507,4.0,1358812800
501,138,4.0,1358380800
668,849,5.0,1392854400
227,665,3.0,1375228800
268,252,5.0,1315958400
85,763,5.0,1383264000
746,638,5.0,1380412800
80,140,5.0,1341273600
566,800,2.0,1398038400
253,654,3.0,1377648000
50,799,5.0,1400371200
169,492,4.0,1353456000
58,339,4.0,1339027200
796,112,4.0,1351987200
161,322,4.0,1335139200
136,188,5.0,1349136000
582,707,3.0,1381708800
33,30,3.0,1380672000
428,575,5.0,1383436800
254,429,5.0,1344297600
186,725,3.0,1378425600
857,580,5.0,1386028800
780,397,4.0,1372809600
787,168,4.0,1317254400
37,702,4.0,1387238400
342,377,3.0,1343260800
83,241,5.0,1316476800
636,312,4.0,1358985600
242,718,4.0,1374105600
589,429,2.0,1348099200
594,566,5.0,1377648000
220,600,4.0,1385683200
505,838,4.0,1397692800
444,365,5.0,1347235200
709,186,4.0,1306195200
712,555,3.0,1379548800
615,228,4.0,1382572800
213,619,2.0,1377475200
295,111,4.0,1402963200
372,449,4.0,1354492800
378,752,4.0,1374969600
352,282,5.0,1335225600
830,434,4.0,1346457600
334,334,5.0,1343088000
660,188,4.0,1349568000
29,192,4.0,1315958400
83,861,4.0,1403395200
306,68,4.0,1280102400
552,716,5.0,1382745600
399,719,4.0,1381363200
670,734,2.0,1386288000
787,822,4.0,1397001600
681,758,4.0,1380153600
387,697,5.0,1383955200
910,833,4.0,1393632000
592,134,3.0,1314921600
281,532,5.0,1373932800
324,158,4.0,1337817600
415,443,3.0,1360627200
24,405,3.0,1348617600
19,0,3.0,1352592000
782,302,4.0,1348012800
775,165,5.0,1316649600
250,485,1.0,1355961600
766,249,4.0,1342569600
732,81,3.0,1290038400
61,171,4.0,1324944000
89,2,4.0,1351555200
308,583,4.0,1384387200
56,52,4.0,1349049600
217,838,5.0,1395964800
706,231,4.0,1317772800
301,702,4.0,1385337600
541,664,1.0,1375142400
287,358,4.0,1355184000
250,81,5.0,1288742400
541,222,3.0,1317254400
256,623,5.0,1383177600
43,133,5.0,1322870400
654,544,3.0,1379548800
633,550,4.0,1376524800
722,565,5.0,1375574400
47,803,5.0,1401494400
77,845,4.0,1405900800
404,664,2.0,1374019200
681,96,1.0,1349395200
235,712,4.0,1383609600
574,819,5.0,1397606400
8,705,4.0,1384214400
680,721,4.0,1378944000
129,829,5.0,1396915200
244,543,4.0,1378944000
445,110,5.0,1299024000
394,166,5.0,1316995200
1,702,3.0,1385251200
386,601,5.0,1385942400
527,312,3.0,1356998400
75,277,4.0,1356307200
383,62,4.0,1383782400
730,493,4.0,1363737600
336,741,4.0,1382486400
346,251,5.0,1319068800
693,301,4.0,1348617600
92,509,3.0,1359763200
90,2,1.0,1356566400
440,78,4.0,1279756800
812,854,4.0,1397606400
211,768,5.0,1388448000
247,19,4.0,1340668800
689,850,3.0,1405987200
0,648,4.0,1386374400
214,324,5.0,1354752000
242,700,3.0,1377129600
803,680,5.0,1373414400
506,829,4.0,1397001600
214,720,4.0,1373846400
11,652,4.0,1383350400
87,444,4.0,1346371200
479,316,5.0,1340841600
628,110,5.0,1292457600
164,452,4.0,1346284800
105,4,5.0,1285545600
827,746,4.0,1377216000
815,685,5.0,1373068800
340,273,4.0,1349222400
414,393,4.0,1350518400
314,501,5.0,1368576000
717,711,4.0,1387411200
664,648,4.0,1383609600
151,529,4.0,1387670400
285,75,5.0,1281139200
242,805,5.0,1400889600
873,777,5.0,1395619200
37,363,1.0,1387411200
275,416,2.0,1359936000
732,537,4.0,1363824000
768,544,4.0,1377648000
579,534,5.0,1381276800
357,291,4.0,1347926400
819,125,4.0,1290038400
434,261,5.0,1321833600
555,624,5.0,1369180800
794,127,4.0,1318291200
6,418,5.0,1345593600
504,106,4.0,1296086400
156,305,5.0,1348444800
375,261,5.0,1317168000
193,317,4.0,1340150400
818,641,3.0,1374710400
820,544,4.0,1377734400
232,123,3.0,1334707200
620,825,4.0,1389571200
548,502,3.0,1384214400
462,204,5.0,1315785600
140,550,5.0,1374105600
6,317,5.0,1339545600
546,728,2.0,1377129600
126,408,3.0,1356480000
81,2,5.0,1356912000
582,165,3.0,1321142400
60,590,5.0,1380499200
528,301,4.0,1349136000
20,464,5.0,1347926400
116,5,5.0,1300924800
173,810,4.0,1398211200
711,73,4.0,1289692800
920,748,4.0,1376956800
598,648,3.0,1387238400
471,317,5.0,1339372800
612,418,5.0,1344297600
418,540,4.0,1385424000
329,699,5.0,1383955200
223,492,5.0,1358208000
45,483,5.0,1347840000
846,267,4.0,1329004800
197,603,4.0,1383609600
384,662,5.0,1382400000
330,669,5.0,1384387200
297,570,5.0,1369440000
552,143,5.0,1320278400
244,28,4.0,1357430400
900,322,3.0,1340496000
628,240,4.0,1317686400
142,537,4.0,1361404800
851,177,4.0,1332374400
814,666,4.0,1375228800
725,255,1.0,1314662400
47,695,4.0,1377820800
68,659,5.0,1379980800
233,397,5.0,1372118400
208,43,3.0,1228003200
170,552,4.0,1382745600
440,30,4.0,1234742400
73,1,5.0,1365206400
396,57,5.0,1264032000
126,695,5.0,1379462400
175,77,4.0,1280188800
126,623,5.0,1387411200
745,779,5.0,1384992000
46,647,2.0,1368057600
543,296,5.0,1345680000
77,857,4.0,1395100800
734,561,3.0,1374105600
445,717,5.0,1381708800
799,688,5.0,1370822400
314,697,5.0,1387411200
36,16,5.0,1350518400
616,550,5.0,1372550400
603,496,5.0,1392768000
10,262,3.0,1316476800
795,787,4.0,1401148800
353,790,5.0,1401753600
734,81,5.0,1290038400
482,589,4.0,1381968000
310,673,3.0,1379289600
293,331,5.0,1344470400
325,29,4.0,1375142400
593,422,5.0,1383091200
527,350,4.0,1383350400
3,464,5.0,1343692800
329,235,5.0,1383177600
743,83,4.0,1285200000
613,859,3.0,1403308800
597,642,4.0,1375142400
415,615,3.0,1395014400
787,836,3.0,1396483200
311,331,5.0,1345075200
476,346,5.0,1351900800
220,829,4.0,1396396800
225,329,5.0,1342569600
778,356,3.0,1353196800
874,460,5.0,1360627200
170,237,4.0,1351468800
534,244,4.0,1319068800
415,30,5.0,1351036800
214,28,4.0,1353628800
110,493,4.0,1367020800
893,272,5.0,1345593600
653,178,5.0,1321747200
417,740,4.0,1393718400
638,832,4.0,1401062400
240,57,3.0,1263859200
246,500,4.0,1365120000
623,119,5.0,1340150400
611,626,4.0,1377734400
649,57,4.0,1261872000
359,68,4.0,1279670400
676,535,3.0,1383091200
329,547,4.0,1383091200
865,629,5.0,1384992000
396,465,5.0,1379721600
22,650,4.0,1369094400
522,185,5.0,1306454400
893,289,5.0,1330041600
510,539,4.0,1380585600
365,39,5.0,1227571200
296,226,4.0,1316736000
336,241,4.0,1328572800
114,315,5.0,1338681600
776,664,2.0,1376179200
733,707,2.0,1382745600
540,547,3.0,1382659200
915,577,5.0,1383868800
75,596,4.0,1387238400
142,841,4.0,1405987200
240,302,5.0,1352678400
191,18,4.0,1323820800
41,705,4.0,1383177600
745,293,2.0,1332115200
164,594,3.0,1383523200
633,607,3.0,1381881600
569,461,4.0,1352160000
285,407,2.0,1363737600
492,709,4.0,1376179200
298,514,4.0,1365120000
87,245,4.0,1315094400
176,401,4.0,1350691200
482,338,5.0,1341964800
37,573,5.0,1387238400
571,426,5.0,1341705600
838,628,5.0,1383782400
827,449,4.0,1348790400
287,733,5.0,1377129600
509,646,4.0,1372550400
537,458,5.0,1345680000
208,285,3.0,1331510400
561,531,5.0,1378339200
881,741,4.0,1381017600
49,640,4.0,1382313600
204,464,5.0,1351036800
42,648,4.0,1386288000
117,287,5.0,1332806400
617,598,2.0,1386806400
785,411,4.0,1348963200
792,724,5.0,1379116800
538,794,5.0,1389830400
101,133,4.0,1319500800
624,426,5.0,1343001600
149,753,4.0,1378857600
242,653,3.0,1379894400
10,48,4.0,1375401600
398,726,2.0,1376524800
58,711,5.0,1378252800
382,338,4.0,1341792000
393,444,4.0,1346889600
77,682,4.0,1396656000
470,158,4.0,1336694400
216,138,5.0,1349395200
495,44,5.0,1222560000
265,14,4.0,1348617600
529,722,2.0,1381968000
53,581,5.0,1387152000
705,682,1.0,1397260800
187,812,3.0,1402963200
337,451,3.0,1367798400
802,508,3.0,1364342400
482,855,4.0,1389744000
78,12,5.0,1367107200
578,814,5.0,1394064000
214,681,4.0,1397260800
518,565,5.0,1373846400
815,835,3.0,1394755200
783,466,4.0,1358812800
204,747,3.0,1384214400
157,57,5.0,1261699200
365,339,5.0,1338422400
328,20,5.0,1344902400
439,507,4.0,1367539200
711,649,2.0,1382054400
374,169,5.0,1317772800
399,384,4.0,1346025600
469,353,5.0,1345680000
205,95,4.0,1285286400
883,816,5.0,1403049600
373,505,5.0,1359590400
164,241,4.0,1324857600
149,562,5.0,1389657600
731,247,5.0,1318204800
476,341,4.0,1360281600
477,537,5.0,1359158400
632,788,3.0,1400889600
44,516,5.0,1360022400
846,199,3.0,1317254400
298,425,5.0,1351036800
36,355,5.0,1356480000
44,830,5.0,1397692800
822,736,4.0,1381795200
712,506,5.0,1359072000
776,505,4.0,1367366400
24,259,3.0,1324857600
126,517,4.0,1368489600
96,17,5.0,1338681600
224,818,5.0,1404172800
599,432,4.0,1345680000
221,19,4.0,1353024000
585,763,4.0,1383091200
87,806,4.0,1402790400
613,534,3.0,1384732800
254,221,4.0,1320883200
181,649,4.0,1386979200
122,311,5.0,1339286400
313,649,4.0,1385510400
790,584,5.0,1375833600
788,136,4.0,1310688000
70,1,3.0,1356652800
230,618,5.0,1383955200
258,502,4.0,1388620800
10,666,3.0,1377734400
479,400,4.0,1350518400
101,513,4.0,1364428800
620,318,4.0,1358812800
579,394,2.0,1349654400
378,185,3.0,1306627200
156,816,3.0,1400112000
92,639,4.0,1387152000
420,149,3.0,1341792000
770,833,5.0,1394496000
805,320,5.0,1350432000
399,642,4.0,1374710400
102,730,4.0,1375488000
289,171,2.0,1348704000
14,554,5.0,1384041600
392,512,4.0,1384732800
787,582,5.0,1385942400
41,732,5.0,1383091200
220,186,4.0,1307923200
633,54,2.0,1337731200
240,291,3.0,1333670400
503,212,4.0,1319500800
480,57,5.0,1262217600
577,99,3.0,1289174400
286,827,4.0,1392681600
45,231,5.0,1318896000
584,398,5.0,1344902400
410,91,4.0,1282780800
271,164,3.0,1339545600
583,711,3.0,1382745600
91,2,4.0,1354147200
266,223,3.0,1365638400
235,660,4.0,1382745600
154,86,2.0,1279756800
819,267,4.0,1323648000
347,125,2.0,1289260800
524,350,5.0,1380412800
175,485,5.0,1352160000
590,828,3.0,1396742400
195,699,4.0,1381449600
701,228,4.0,1384214400
158,189,4.0,1325030400
676,516,5.0,1365120000
146,191,4.0,1319500800
199,803,4.0,1402012800
594,84,5.0,1353369600
511,634,4.0,1382918400
131,242,3.0,1316563200
354,636,5.0,1384992000
157,44,5.0,1222473600
11,707,2.0,1383264000
636,822,3.0,1396310400
766,657,4.0,1379289600
541,203,3.0,1315180800
146,769,5.0,1381017600
491,396,5.0,1350432000
837,145,3.0,1350000000
190,765,2.0,1384646400
326,715,4.0,1377129600
115,199,5.0,1317254400
517,686,4.0,1375488000
753,768,5.0,1383004800
646,203,4.0,1314144000
665,752,5.0,1380153600
358,113,2.0,1314230400
472,470,3.0,1365465600
509,573,5.0,1387238400
885,624,4.0,1369872000
454,634,3.0,1383091200
414,480,3.0,1356652800
763,496,5.0,1393459200
750,717,5.0,1384992000
779,432,5.0,1345334400
717,621,5.0,1375747200
903,400,4.0,1354320000
214,168,5.0,1328400000
838,165,5.0,1319068800
57,517,3.0,1362441600
489,674,4.0,1375920000
878,313,4.0,1342656000
727,166,5.0,1325548800
844,147,4.0,1356912000
745,246,4.0,1331769600
378,727,3.0,1377648000
91,386,4.0,1345593600
140,496,4.0,1393545600
341,648,4.0,1385596800
529,210,5.0,1318204800
20,573,5.0,1383350400
404,544,3.0,1377993600
495,713,4.0,1381968000
729,580,3.0,1385078400
741,141,5.0,1320537600
780,826,5.0,1391990400
567,246,4.0,1324512000
710,569,4.0,1372809600
772,410,4.0,1350950400
515,61,4.0,1385510400
417,384,5.0,1346198400
582,50,5.0,1354147200
790,625,5.0,1380758400
34,82,3.0,1295049600
864,715,5.0,1377734400
636,610,4.0,1404259200
143,862,3.0,1405296000
131,851,3.0,1400889600
40,429,5.0,1349568000
666,139,4.0,1317168000
160,8,4.0,1356393600
151,710,2.0,1382659200
122,706,5.0,1375056000
329,141,4.0,1320624000
642,561,5.0,1375401600
606,85,5.0,1282780800
597,664,3.0,1375142400
5,713,4.0,1380240000
367,167,3.0,1316649600
21,738,2.0,1388188800
591,506,4.0,1360713600
464,35,5.0,1324771200
597,432,5.0,1346630400
70,398,4.0,1343952000
187,323,5.0,1340841600
445,181,5.0,1343174400
278,733,5.0,1379808000
540,737,3.0,1378080000
8,502,4.0,1389657600
547,415,4.0,1356480000
227,335,4.0,1340582400
696,519,3.0,1362614400
92,172,5.0,1317600000
371,836,4.0,1393632000
147,526,3.0,1352851200
634,280,5.0,1342224000
853,344,4.0,1380758400
797,184,4.0,1306627200
415,201,5.0,1314057600
919,692,5.0,1381968000
197,191,3.0,1319760000
11,55,5.0,1304294400
339,819,5.0,1396137600
323,323,5.0,1337212800
377,50,3.0,1337817600
402,301,4.0,1347926400
399,676,4.0,1384992000
308,540,4.0,1388102400
548,624,5.0,1370908800
900,677,3.0,1378166400
37,179,5.0,1317254400
171,715,5.0,1377993600
135,731,1.0,1377043200
401,807,5.0,1403136000
780,100,5.0,1377648000
323,647,4.0,1368230400
278,18,3.0,1326585600
721,784,3.0,1385769600
516,337,5.0,1339632000
451,490,3.0,1361059200
149,600,5.0,1383177600
98,562,3.0,1389657600
131,688,4.0,1369180800
36,312,4.0,1355875200
795,644,4.0,1374969600
7,260,5.0,1316649600
126,174,1.0,1384992000
70,863,5.0,1404604800
881,846,4.0,1392422400
43,365,4.0,1348444800
258,210,3.0,1317081600
38,0,4.0,1352160000
153,135,2.0,1349049600
134,394,4.0,1350864000
423,51,4.0,1359072000
630,634,4.0,1384041600
459,90,4.0,1289520000
77,707,5.0,1386806400
703,160,5.0,1335484800
543,57,4.0,1262476800
900,465,5.0,1380153600
291,421,3.0,1361318400
434,663,5.0,1380067200
895,306,4.0,1355616000
87,769,5.0,1384041600
202,513,5.0,1361923200
851,373,4.0,1342051200
430,320,5.0,1348704000
779,98,1.0,1290816000
641,215,4.0,1315872000
532,54,3.0,1342742400
523,136,3.0,1309910400
314,18,4.0,1334793600
71,637,5.0,1375747200
100,3,2.0,1282953600
18,83,4.0,1316044800
156,363,5.0,1377648000
616,820,5.0,1388707200
490,430,4.0,1343865600
428,727,5.0,1377993600
3,688,4.0,1372291200
584,698,4.0,1386633600
508,462,4.0,1350432000
45,263,4.0,1337731200
368,183,4.0,1306368000
423,144,3.0,1318982400
300,505,4.0,1362009600
440,706,5.0,1376352000
571,49,4.0,1292371200
140,104,2.0,1290470400
810,571,4.0,1375142400
165,401,3.0,1350950400
761,226,4.0,1318550400
867,829,3.0,1394582400
573,49,5.0,1291075200
747,277,5.0,1352678400
639,789,5.0,1400803200
45,854,5.0,1397606400
434,722,4.0,1384819200
712,517,5.0,1364774400
29,543,4.0,1379462400
126,5,3.0,1358640000
901,329,3.0,1340236800
423,110,2.0,1291593600
725,124,5.0,1311033600
897,295,4.0,1337126400
24,269,4.0,1335916800
308,17,5.0,1340150400
769,694,1.0,1380499200
350,90,4.0,1289088000
285,224,4.0,1315958400
378,53,2.0,1348704000
606,52,4.0,1351555200
746,344,5.0,1383177600
907,726,1.0,1376697600
114,74,3.0,1282953600
457,365,5.0,1356566400
193,697,3.0,1383177600
17,235,5.0,1385424000
752,86,4.0,1282089600
8,712,4.0,1384992000
559,47,4.0,1229126400
502,90,3.0,1321833600
373,696,1.0,1378771200
261,44,4.0,1222732800
321,19,5.0,1365379200
92,864,5.0,1404172800
780,381,4.0,1349136000
89,14,4.0,1348531200
151,847,3.0,1396051200
842,718,4.0,1374019200
803,213,4.0,1319500800
453,860,5.0,1404086400
220,524,4.0,1361232000
848,532,4.0,1377734400
146,239,3.0,1333411200
347,122,4.0,1288224000
489,679,4.0,1389744000
80,532,5.0,1376524800
831,647,5.0,1367798400
622,317,5.0,1339891200
275,458,5.0,1345593600
210,202,5.0,1314230400
887,753,2.0,1388016000
30,259,5.0,1325980800
883,702,4.0,1387324800
597,798,4.0,1405382400
1,179,3.0,1315180800
905,813,5.0,1401062400
896,769,4.0,1385596800
660,752,5.0,1377216000
193,530,3.0,1359244800
3,750,4.0,1373241600
745,307,3.0,1352851200
677,530,4.0,1358812800
214,221,3.0,1321920000
139,618,5.0,1384128000
166,615,4.0,1397347200
758,142,5.0,1320364800
371,28,4.0,1353196800
584,732,4.0,1385337600
384,728,5.0,1377043200
342,758,5.0,1379462400
816,836,4.0,1395273600
375,361,5.0,1349740800
317,35,4.0,1317513600
908,768,5.0,1382313600
306,775,2.0,1394409600
21,340,5.0,1358899200
424,640,5.0,1382918400
611,491,5.0,1355011200
256,529,4.0,1377129600
34,348,4.0,1379721600
707,267,4.0,1324857600
297,77,4.0,1289692800
870,529,3.0,1382054400
399,121,4.0,1319760000
467,522,3.0,1363219200
214,150,3.0,1342051200
216,355,4.0,1344988800
273,554,5.0,1379894400
895,806,5.0,1405814400
355,85,5.0,1282608000
261,266,4.0,1361232000
831,211,5.0,1318723200
548,432,3.0,1348099200
232,381,4.0,1348617600
534,329,3.0,1343260800
337,699,5.0,1384128000
461,33,4.0,1321920000
269,14,4.0,1358985600
177,196,5.0,1317254400
788,105,3.0,1291075200
835,139,4.0,1320796800
399,809,3.0,1401494400
371,627,5.0,1379808000
67,772,5.0,1382918400
321,194,3.0,1331856000
76,484,3.0,1346025600
581,846,3.0,1396656000
204,827,4.0,1391817600
289,352,4.0,1348099200
9,127,5.0,1317081600
434,444,5.0,1352764800
512,278,4.0,1404518400
268,774,3.0,1394236800
192,119,3.0,1321142400
436,300,3.0,1356393600
744,471,4.0,1363824000
173,495,4.0,1351900800
901,502,4.0,1388880000
295,671,4.0,1380153600
217,593,5.0,1380758400
163,469,5.0,1371686400
21,393,5.0,1350432000
577,233,4.0,1321142400
47,417,5.0,1345248000
380,166,5.0,1317427200
367,436,3.0,1343692800
95,3,5.0,1282953600
81,687,5.0,1374192000
36,99,3.0,1288224000
616,166,4.0,1320192000
332,460,5.0,1343260800
829,773,4.0,1384905600
161,718,4.0,1373068800
643,846,4.0,1395014400
635,103,5.0,1298419200
574,112,5.0,1368403200
37,500,3.0,1365552000
371,149,4.0,1340755200
437,762,4.0,1386374400
434,105,5.0,1292457600
658,359,3.0,1382745600
795,112,5.0,1356912000
233,372,5.0,1382918400
919,840,4.0,1405900800
245,233,4.0,1318464000
14,14,5.0,1350518400
737,276,3.0,1335398400
501,852,4.0,1405123200
801,688,5.0,1369785600
390,521,4.0,1363824000
640,799,4.0,1404000000
577,224,4.0,1310083200
435,59,4.0,1351641600
665,150,3.0,1368057600
277,69,5.0,1317168000
224,106,3.0,1314230400
235,766,5.0,1383091200
709,401,4.0,1349222400
548,638,5.0,1378512000
700,491,4.0,1351468800
225,597,4.0,1387152000
203,614,3.0,1373932800
122,668,3.0,1375142400
74,2,4.0,1365379200
293,721,5.0,1378857600
906,730,5.0,1374710400
372,627,5.0,1381795200
557,476,4.0,1360627200
549,565,5.0,1374710400
120,244,3.0,1326844800
194,502,4.0,1385942400
887,378,4.0,1344211200
61,45,3.0,1318982400
897,846,3.0,1393632000
635,106,5.0,1318809600
581,554,4.0,1381881600
595,425,5.0,1349654400
577,527,3.0,1363564800
629,139,5.0,1316822400
191,445,4.0,1366416000
41,413,5.0,1340668800
21,547,2.0,1384732800
359,21,4.0,1337212800
8,637,4.0,1373760000
867,563,4.0,1379548800
918,514,4.0,1359590400
311,250,5.0,1342051200
149,236,4.0,1327449600
685,62,5.0,1382659200
333,828,5.0,1395532800
343,799,4.0,1403049600
387,854,4.0,1393891200
472,471,4.0,1363824000
775,501,4.0,1358985600
161,864,4.0,1403827200
79,47,3.0,1219795200
291,214,3.0,1366502400
270,14,5.0,1350604800
141,312,4.0,1349568000
689,846,3.0,1393718400
793,767,4.0,1398556800
128,313,4.0,1338854400
20,728,3.0,1375488000
38,534,4.0,1380585600
689,697,4.0,1386633600
546,665,4.0,1374624000
632,622,4.0,1381536000
717,452,4.0,1351468800
248,211,3.0,1318896000
598,612,4.0,1392508800
306,133,5.0,1319932800
331,325,5.0,1350518400
409,501,3.0,1358985600
40,380,4.0,1350172800
417,499,4.0,1357516800
406,121,5.0,1316476800
232,377,4.0,1348358400
636,357,4.0,1349049600
156,55,5.0,1292371200
306,555,3.0,1380153600
811,570,5.0,1362614400
349,453,5.0,1343779200
273,230,3.0,1317254400
350,44,2.0,1222732800
110,106,5.0,1367366400
521,565,5.0,1376697600
122,45,3.0,1327363200
767,220,3.0,1318982400
646,474,5.0,1349568000
287,779,5.0,1386288000
835,844,4.0,1393977600
190,823,3.0,1397692800
434,742,5.0,1388448000
425,738,5.0,1381536000
607,425,4.0,1359331200
90,321,5.0,1344470400
848,858,5.0,1398816000
256,383,4.0,1346284800
878,254,2.0,1329609600
597,719,4.0,1379289600
531,768,5.0,1386547200
815,623,4.0,1383696000
522,164,5.0,1335398400
465,172,5.0,1316649600
87,340,5.0,1354752000
463,612,5.0,1388880000
320,316,4.0,1339977600
416,92,5.0,1280707200
197,9,3.0,1385769600
374,558,4.0,1383004800
736,176,4.0,1316131200
358,760,5.0,1379376000
887,696,4.0,1379548800
132,245,5.0,1314230400
109,170,4.0,1323907200
125,488,4.0,1368489600
417,62,5.0,1383004800
0,512,5.0,1383782400
652,733,4.0,1379894400
121,5,3.0,1288742400
901,249,2.0,1341187200
17,92,4.0,1284422400
713,334,5.0,1342483200
841,656,5.0,1380412800
524,700,4.0,1380412800
45,499,5.0,1357171200
443,820,5.0,1391904000
676,717,5.0,1385078400
737,196,5.0,1314230400
445,439,4.0,1364774400
625,855,3.0,1389916800
614,823,3.0,1395187200
421,171,4.0,1325894400
8,568,5.0,1376352000
77,143,4.0,1324512000
477,643,5.0,1386028800
375,54,1.0,1339372800
401,823,5.0,1398211200
723,672,4.0,1374624000
415,803,3.0,1400630400
687,795,4.0,1385337600
91,511,5.0,1393027200
268,415,5.0,1348963200
730,570,4.0,1363737600
136,464,5.0,1343865600
453,516,5.0,1359417600
838,626,4.0,1375401600
37,372,5.0,1387411200
838,332,5.0,1339027200
912,320,5.0,1349654400
641,473,4.0,1355356800
367,23,5.0,1358985600
528,559,5.0,1367280000
415,697,4.0,1383264000
232,187,3.0,1332201600
236,362,4.0,1382659200
77,437,4.0,1386806400
59,52,3.0,1366070400
543,731,5.0,1377993600
450,266,5.0,1323907200
453,281,5.0,1329955200
582,749,4.0,1381190400
467,232,4.0,1317081600
440,842,5.0,1397347200
304,533,4.0,1371168000
63,347,3.0,1362528000
243,58,5.0,1383868800
847,814,4.0,1397692800
172,466,5.0,1402444800
866,576,5.0,1384992000
617,534,3.0,1384387200
129,496,4.0,1392508800
510,40,5.0,1227657600
169,70,3.0,1318204800
131,489,3.0,1343952000
291,642,3.0,1376352000
196,38,5.0,1225584000
729,357,4.0,1349049600
175,730,5.0,1375228800
457,496,3.0,1392163200
315,144,4.0,1321747200
572,452,3.0,1349136000
168,601,3.0,1383091200
400,420,5.0,1352851200
814,368,3.0,1352160000
494,38,5.0,1228176000
1,738,4.0,1387065600
722,76,3.0,1282089600
291,197,3.0,1315958400
553,261,5.0,1316649600
515,587,3.0,1388102400
242,540,5.0,1383868800
368,35,4.0,1317254400
682,555,5.0,1378512000
533,407,3.0,1350950400
494,680,5.0,1374105600
220,504,5.0,1380326400
779,641,1.0,1371859200
187,795,5.0,1384300800
586,620,4.0,1382572800
351,807,5.0,1399593600
727,725,2.0,1375833600
615,719,4.0,1377648000
37,656,5.0,1381968000
102,695,3.0,1374105600
801,193,4.0,1314144000
330,340,4.0,1357516800
753,753,4.0,1375574400
101,172,4.0,1325721600
63,160,4.0,1335830400
390,340,5.0,1363824000
424,857,4.0,1394841600
55,81,4.0,1295913600
251,596,5.0,1385424000
448,639,4.0,1388361600
434,289,5.0,1331596800
742,487,4.0,1344124800
506,79,2.0,1279756800
453,712,4.0,1380067200
5,428,3.0,1350172800
729,98,2.0,1288224000
365,323,5.0,1336608000
349,704,5.0,1378252800
483,239,3.0,1340668800
514,750,4.0,1373587200
355,529,5.0,1387411200
734,665,4.0,1374105600
79,231,4.0,1325548800
3,749,4.0,1380240000
24,94,4.0,1293753600
22,720,5.0,1373241600
647,116,5.0,1315440000
177,369,4.0,1360972800
736,677,5.0,1381968000
522,43,4.0,1230163200
180,793,5.0,1383782400
755,102,5.0,1293408000
679,547,4.0,1384992000
121,294,4.0,1331856000
625,777,5.0,1399075200
198,604,5.0,1380585600
912,502,3.0,1388793600
222,484,4.0,1346716800
738,111,4.0,1398729600
589,51,4.0,1353974400
171,337,4.0,1340236800
25,492,5.0,1351468800
583,330,5.0,1350172800
902,760,5.0,1377734400
314,118,5.0,1321833600
304,17,5.0,1340928000
821,288,5.0,1337817600
372,227,4.0,1318896000
660,62,5.0,1382745600
631,702,4.0,1386806400
837,139,5.0,1317168000
399,805,4.0,1401494400
408,869,5.0,1405641600
293,16,5.0,1348531200
131,827,4.0,1390867200
507,98,1.0,1306281600
245,846,3.0,1395273600
306,17,5.0,1338681600
317,267,4.0,1322784000
168,593,4.0,1383264000
315,674,4.0,1374710400
843,675,3.0,1375315200
304,591,4.0,1387411200
616,417,4.0,1348617600
207,258,4.0,1335657600
739,338,4.0,1348272000
912,385,3.0,1348876800
228,292,4.0,1332115200
299,115,3.0,1317340800
512,242,3.0,1329955200
94,3,3.0,1291680000
201,57,3.0,1263859200
606,396,5.0,1351555200
39,702,3.0,1387324800
101,236,4.0,1325721600
395,117,1.0,1315008000
648,761,5.0,1385769600
386,830,4.0,1397692800
212,727,4.0,1381881600
402,398,4.0,1343260800
688,202,4.0,1319068800
341,269,5.0,1335916800
693,375,3.0,1348617600
34,302,4.0,1345939200
790,709,3.0,1376784000
740,294,5.0,1331337600
840,634,5.0,1382572800
795,526,4.0,1356393600
884,197,3.0,1326326400
322,708,1.0,1376438400
480,402,5.0,1349222400
204,398,5.0,1348444800
238,57,4.0,1263945600
683,531,4.0,1368921600
460,150,3.0,1375056000
417,188,5.0,1348963200
490,207,4.0,1311811200
65,235,4.0,1385337600
158,8,4.0,1355356800
626,665,4.0,1375574400
776,438,4.0,1358208000
315,421,4.0,1366156800
341,216,5.0,1365120000
464,34,3.0,1319068800
33,69,4.0,1315353600
435,524,3.0,1361318400
38,339,4.0,1338595200
717,258,4.0,1340150400
826,584,3.0,1375660800
313,82,2.0,1291766400
174,68,5.0,1297555200
77,299,5.0,1351036800
577,520,3.0,1362268800
859,846,3.0,1393632000
612,421,5.0,1350864000
880,218,5.0,1343174400
119,622,4.0,1379203200
401,858,4.0,1400371200
154,681,3.0,1398729600
896,646,4.0,1370131200
188,566,4.0,1374105600
694,166,5.0,1322265600
843,540,5.0,1388448000
701,316,5.0,1347840000
903,836,4.0,1397692800
312,66,4.0,1299369600
312,59,5.0,1362441600
14,675,4.0,1376352000
903,476,5.0,1351036800
387,491,4.0,1351123200
172,406,4.0,1350345600
686,149,5.0,1342483200
484,339,5.0,1339718400
847,325,5.0,1353283200
212,836,2.0,1397692800
684,541,4.0,1379548800
291,417,2.0,1344988800
509,502,4.0,1392768000
507,489,3.0,1344988800
436,291,4.0,1333584000
148,827,4.0,1391212800
655,518,4.0,1364256000
111,847,2.0,1394582400
472,478,5.0,1350604800
162,646,4.0,1373241600
545,148,3.0,1366243200
558,59,5.0,1366761600
536,834,2.0,1394928000
878,222,3.0,1321574400
211,668,4.0,1378684800
109,777,3.0,1398729600
584,681,5.0,1397606400
641,57,3.0,1266969600
85,762,4.0,1383264000
600,406,4.0,1350345600
578,559,5.0,1362009600
796,216,4.0,1371513600
94,354,5.0,1348963200
197,266,4.0,1323734400
803,840,4.0,1405987200
58,25,5.0,1349136000
298,265,4.0,1356652800
11,697,4.0,1385424000
507,714,4.0,1378252800
595,664,5.0,1374105600
557,631,4.0,1381190400
66,174,2.0,1383091200
357,98,2.0,1290038400
447,529,4.0,1386028800
609,526,4.0,1352073600
437,551,5.0,1382486400
555,46,5.0,1377043200
916,579,5.0,1384128000
506,115,1.0,1314835200
863,586,5.0,1376438400
460,147,4.0,1358380800
491,38,1.0,1346976000
227,326,5.0,1355875200
710,453,5.0,1344816000
18,385,5.0,1352937600
367,317,4.0,1339459200
36,272,4.0,1348444800
232,86,4.0,1332288000
688,64,4.0,1293235200
778,263,2.0,1322179200
1,0,4.0,1357171200
461,315,5.0,1337990400
472,840,4.0,1405296000
593,325,4.0,1350432000
572,49,3.0,1291161600
232,427,3.0,1345507200
225,622,5.0,1374710400
104,685,5.0,1373846400
911,822,3.0,1397606400
331,735,4.0,1384300800
212,54,3.0,1343088000
126,148,5.0,1356912000
192,605,3.0,1387411200
477,784,4.0,1382832000
553,617,2.0,1381968000
102,309,4.0,1344988800
531,711,5.0,1387238400
14,0,4.0,1353369600
40,315,4.0,1338422400
146,81,4.0,1289865600
617,636,4.0,1382572800
486,420,4.0,1352073600
165,284,3.0,1336694400
362,705,4.0,1384646400
562,200,5.0,1314230400
728,848,4.0,1395446400
323,685,4.0,1389657600
62,728,5.0,1377734400
277,319,5.0,1363824000
9,0,5.0,1357344000
499,407,3.0,1362614400
38,765,2.0,1383004800
568,198,5.0,1316304000
604,436,4.0,1343692800
618,418,4.0,1343520000
341,298,4.0,1332028800
559,469,4.0,1362873600
454,46,4.0,1378166400
377,744,4.0,1378080000
117,859,4.0,1402012800
91,524,2.0,1359417600
214,597,5.0,1383004800
776,854,5.0,1396051200
123,430,5.0,1343260800
447,712,3.0,1384819200
175,332,5.0,1338249600
475,437,5.0,1382400000
776,167,4.0,1331683200
89,331,4.0,1341273600
590,277,4.0,1355097600
136,379,4.0,1345593600
87,106,5.0,1295308800
276,353,5.0,1344297600
691,354,5.0,1341878400
187,570,4.0,1362009600
400,487,5.0,1344902400
76,600,5.0,1384992000
239,738,4.0,1387670400
753,613,4.0,1385337600
119,355,4.0,1361059200
153,639,3.0,1389830400
158,418,5.0,1350518400
27,125,2.0,1288915200
174,32,5.0,1359072000
158,606,3.0,1374537600
26,581,4.0,1380931200
470,35,4.0,1316908800
286,405,2.0,1350259200
701,262,4.0,1326585600
850,834,4.0,1393718400
855,165,4.0,1316563200
600,833,5.0,1397260800
601,123,4.0,1317081600
162,769,4.0,1385337600
318,371,4.0,1383436800
293,38,4.0,1224720000
333,661,4.0,1373241600
365,667,5.0,1376352000
235,833,5.0,1397692800
209,304,3.0,1357084800
460,579,4.0,1383609600
222,331,5.0,1344297600
22,245,5.0,1323734400
669,844,4.0,1396051200
0,350,5.0,1380153600
646,583,5.0,1382745600
355,351,5.0,1346457600
628,325,5.0,1352332800
264,772,4.0,1384732800
732,106,4.0,1300924800
756,501,5.0,1359072000
693,728,4.0,1378252800
862,280,3.0,1340150400
802,427,4.0,1345507200
892,324,5.0,1351555200
146,684,5.0,1376179200
550,721,5.0,1374710400
1,848,5.0,1396569600
434,73,5.0,1292112000
783,127,3.0,1317254400
443,30,5.0,1356912000
512,271,4.0,1366761600
391,201,5.0,1314835200
543,384,5.0,1358380800
361,61,5.0,1383264000
143,500,3.0,1368662400
20,832,3.0,1398729600
613,809,5.0,1401321600
287,810,3.0,1398297600
709,187,4.0,1308614400
393,142,2.0,1319500800
845,362,4.0,1383091200
478,123,4.0,1316563200
601,678,5.0,1376438400
67,1,4.0,1322265600
354,421,3.0,1352937600
655,643,4.0,1386633600
578,451,3.0,1345334400
286,677,3.0,1376352000
677,579,4.0,1387238400
295,201,4.0,1323043200
351,130,4.0,1315353600
678,642,5.0,1376438400
625,405,1.0,1349654400
263,21,3.0,1351036800
522,44,4.0,1222041600
629,638,5.0,1377993600
258,336,5.0,1352073600
523,468,5.0,1363824000
211,601,5.0,1384992000
528,398,5.0,1350432000
784,718,4.0,1376524800
557,725,3.0,1378598400
417,764,4.0,1386115200
39,573,5.0,1382832000
548,610,4.0,1403740800
733,547,3.0,1385424000
539,755,5.0,1379289600
906,656,4.0,1380326400
333,783,2.0,1378252800
238,532,5.0,1377561600
213,543,5.0,1376006400
291,753,5.0,1379030400
289,189,4.0,1345075200
637,784,3.0,1386979200
90,164,4.0,1335744000
809,669,4.0,1382054400
221,536,4.0,1360627200
450,408,1.0,1352937600
189,707,3.0,1378339200
802,674,4.0,1373241600
679,619,2.0,1385251200
785,728,4.0,1374710400
608,845,5.0,1403740800
22,457,3.0,1350950400
660,750,5.0,1373673600
208,854,5.0,1394668800
213,815,4.0,1393632000
45,783,3.0,1381881600
470,507,3.0,1365120000
856,754,3.0,1377648000
584,748,5.0,1386633600
665,692,5.0,1385164800
511,816,2.0,1400716800
848,148,4.0,1354147200
705,852,5.0,1404950400
204,127,3.0,1323734400
73,776,4.0,1387152000
207,185,4.0,1311897600
6,147,4.0,1355616000
529,842,4.0,1398297600
549,596,4.0,1388448000
707,239,2.0,1317168000
505,802,4.0,1403136000
185,693,4.0,1387324800
314,140,5.0,1351123200
799,131,5.0,1387152000
860,827,3.0,1391126400
785,600,5.0,1381536000
644,438,3.0,1362009600
251,578,5.0,1388448000
577,151,4.0,1320451200
546,698,1.0,1383696000
828,728,3.0,1375056000
236,266,5.0,1339027200
286,455,5.0,1342656000
763,454,4.0,1345680000
441,714,4.0,1379548800
695,185,4.0,1306368000
90,398,3.0,1359936000
510,794,5.0,1385942400
355,357,4.0,1348272000
614,278,3.0,1403136000
774,571,3.0,1379289600
65,205,4.0,1317168000
464,265,3.0,1351036800
799,696,5.0,1379203200
914,664,5.0,1375315200
881,378,4.0,1386201600
919,553,3.0,1387584000
910,490,3.0,1360800000
753,411,3.0,1348272000
45,252,4.0,1319587200
567,266,5.0,1324512000
598,549,4.0,1363824000
62,744,4.0,1380412800
114,4,5.0,1285804800
317,82,4.0,1288224000
359,839,4.0,1395014400
41,252,2.0,1316736000
378,808,4.0,1398211200
389,397,5.0,1376524800
52,1,3.0,1323820800
202,750,5.0,1376265600
79,594,3.0,1382572800
904,413,4.0,1340755200
864,850,3.0,1403913600
905,624,3.0,1370995200
61,435,4.0,1345593600
87,805,4.0,1399766400
258,215,4.0,1315180800
607,52,4.0,1350691200
402,54,4.0,1340323200
408,144,4.0,1318118400
365,125,3.0,1354060800
204,635,5.0,1372636800
106,42,4.0,1227484800
255,630,3.0,1379289600
406,56,5.0,1329264000
92,408,1.0,1349654400
295,265,4.0,1362009600
91,417,4.0,1343088000
388,867,4.0,1404345600
782,768,5.0,1387411200
127,57,5.0,1262044800
837,785,5.0,1389052800
243,548,4.0,1370822400
337,622,3.0,1381536000
220,781,5.0,1380326400
34,79,4.0,1282089600
260,637,4.0,1375747200
564,205,5.0,1317168000
501,471,5.0,1365120000
227,207,4.0,1313625600
149,183,4.0,1306800000
645,730,5.0,1374624000
88,211,5.0,1317168000
706,665,5.0,1374019200
632,165,4.0,1321401600
873,290,4.0,1330214400
163,466,5.0,1362009600
136,51,5.0,1357084800
462,34,5.0,1319241600
708,349,4.0,1372723200
132,74,5.0,1283299200
693,541,5.0,1380153600
268,451,3.0,1344124800
533,861,4.0,1405555200
19,326,4.0,1355011200
875,424,3.0,1351468800
792,566,4.0,1375574400
560,732,5.0,1387324800
338,647,3.0,1368144000
416,478,5.0,1345939200
29,566,3.0,1376438400
187,196,4.0,1316044800
206,462,4.0,1355270400
758,192,5.0,1315094400
404,793,4.0,1385856000
3,828,4.0,1398643200
670,591,4.0,1386288000
485,319,3.0,1337644800
665,253,4.0,1342656000
511,63,4.0,1379808000
562,784,3.0,1383177600
600,834,3.0,1397260800
240,839,5.0,1395014400
231,869,5.0,1404086400
93,379,1.0,1356480000
872,716,4.0,1381017600
64,826,4.0,1389484800
182,723,5.0,1381881600
217,175,4.0,1319673600
720,473,5.0,1349049600
613,483,4.0,1352678400
123,452,5.0,1346025600
323,211,2.0,1320192000
520,44,4.0,1223942400
369,34,5.0,1321920000
549,455,4.0,1366070400
398,26,5.0,1386288000
423,598,3.0,1383350400
377,361,2.0,1348444800
268,212,4.0,1318809600
404,27,5.0,1386979200
696,380,4.0,1349740800
243,209,4.0,1321488000
855,642,4.0,1375833600
609,462,4.0,1352073600
358,449,5.0,1349654400
441,150,4.0,1343260800
206,594,4.0,1384992000
388,847,3.0,1393977600
180,340,5.0,1357516800
114,546,4.0,1381881600
6,238,4.0,1379980800
268,667,5.0,1376265600
652,770,5.0,1383177600
631,213,4.0,1318377600
100,104,4.0,1290384000
525,422,4.0,1382745600
417,134,5.0,1314057600
844,224,4.0,1312329600
170,550,5.0,1372464000
668,64,3.0,1283040000
544,105,2.0,1291075200
130,408,4.0,1355961600
531,303,5.0,1347580800
814,726,2.0,1375228800
578,783,5.0,1379203200
19,325,5.0,1350518400
34,825,4.0,1392163200
379,460,5.0,1343692800
388,319,3.0,1337558400
623,54,2.0,1338854400
721,634,5.0,1385683200
591,849,4.0,1390867200
261,531,4.0,1373587200
139,419,4.0,1351814400
86,550,5.0,1374192000
192,191,4.0,1315094400
438,613,5.0,1381968000
361,212,4.0,1319068800
176,684,5.0,1375833600
809,147,5.0,1354492800
416,755,4.0,1377648000
828,350,4.0,1381968000
507,486,4.0,1363824000
547,542,4.0,1363824000
344,121,5.0,1316649600
7,272,5.0,1347148800
457,266,5.0,1331769600
613,53,5.0,1350864000
303,113,3.0,1314057600
233,754,5.0,1382832000
701,800,4.0,1402963200
538,697,4.0,1386115200
606,184,4.0,1310342400
895,502,3.0,1389744000
661,629,5.0,1380672000
363,849,4.0,1395273600
178,82,1.0,1288137600
528,743,5.0,1383004800
757,684,5.0,1371859200
893,212,4.0,1319673600
14,701,4.0,1379894400
522,527,4.0,1365120000
722,266,2.0,1326499200
330,155,4.0,1336953600
241,789,5.0,1399593600
44,426,4.0,1343001600
123,266,5.0,1322438400
110,358,5.0,1358380800
836,661,3.0,1376438400
669,59,4.0,1304380800
132,584,5.0,1376092800
813,829,4.0,1393804800
566,109,4.0,1303344000
396,696,5.0,1377561600
197,23,1.0,1358035200
357,171,5.0,1340150400
435,287,4.0,1332720000
74,308,4.0,1343174400
574,50,4.0,1340150400
250,17,5.0,1354233600
182,491,3.0,1351900800
379,111,5.0,1400544000
124,687,4.0,1373068800
630,731,3.0,1375747200
113,644,3.0,1373846400
50,292,3.0,1340409600
202,641,4.0,1375142400
81,237,3.0,1365120000
394,422,5.0,1379462400
657,82,2.0,1288224000
401,641,2.0,1374019200
291,257,4.0,1366329600
319,320,5.0,1350518400
860,813,5.0,1398643200
559,733,4.0,1380240000
70,726,3.0,1377388800
402,784,4.0,1384905600
801,642,5.0,1372809600
793,613,4.0,1377129600
374,385,5.0,1351641600
52,153,2.0,1318204800
156,147,5.0,1354665600
857,153,5.0,1317859200
306,778,4.0,1386201600
837,419,5.0,1353283200
55,255,2.0,1329868800
222,62,5.0,1383177600
387,35,3.0,1318809600
634,575,5.0,1386201600
911,846,2.0,1395187200
415,112,5.0,1365206400
204,832,2.0,1400716800
580,681,4.0,1398556800
878,284,4.0,1330646400
390,139,4.0,1326931200
676,197,2.0,1321315200
565,675,3.0,1373500800
47,264,2.0,1337472000
430,648,4.0,1388016000
235,800,5.0,1398816000
148,200,3.0,1314403200
212,319,3.0,1340236800
853,321,4.0,1341187200
537,667,5.0,1376438400
547,607,3.0,1381881600
421,214,4.0,1361836800
174,134,5.0,1316649600
630,407,4.0,1351641600
109,50,3.0,1350518400
534,812,4.0,1403740800
5,607,3.0,1381190400
249,670,5.0,1372636800
577,297,3.0,1334275200
423,398,4.0,1343260800
857,335,5.0,1336003200
678,634,5.0,1387411200
631,673,2.0,1378252800
18,775,5.0,1394755200
563,136,2.0,1310256000
415,777,4.0,1399507200
677,559,4.0,1364256000
623,739,3.0,1384905600
512,44,3.0,1229472000
315,321,5.0,1368316800
300,320,5.0,1350172800
178,147,4.0,1356825600
112,231,4.0,1321920000
377,23,3.0,1358380800
224,642,5.0,1374192000
335,807,5.0,1402012800
164,476,4.0,1344297600
641,409,4.0,1352419200
327,533,4.0,1372464000
330,838,5.0,1400112000
387,272,4.0,1345680000
217,135,4.0,1349827200
818,418,4.0,1343260800
655,849,4.0,1392681600
704,318,4.0,1338249600
330,429,4.0,1350518400
763,810,5.0,1399248000
730,461,4.0,1347926400
476,574,5.0,1380499200
575,683,5.0,1384992000
189,513,5.0,1360627200
129,405,1.0,1350172800
319,405,3.0,1362009600
534,692,5.0,1381795200
144,11,4.0,1343260800
44,858,5.0,1400112000
280,559,5.0,1363046400
488,616,2.0,1397606400
109,667,4.0,1376438400
399,730,5.0,1379548800
607,663,4.0,1381968000
359,293,2.0,1329782400
172,122,5.0,1290470400
634,581,5.0,1386115200
431,216,4.0,1364428800
520,495,4.0,1355961600
304,651,5.0,1389571200
109,769,5.0,1381622400
114,536,4.0,1363219200
700,302,5.0,1347408000
72,265,4.0,1352937600
22,266,4.0,1325289600
602,328,5.0,1352937600
485,266,2.0,1322611200
848,668,4.0,1377043200
128,114,4.0,1316390400
430,271,5.0,1367280000
505,39,5.0,1227657600
492,622,3.0,1380672000
557,585,4.0,1392854400
271,156,5.0,1388620800
285,102,5.0,1292803200
455,257,4.0,1358380800
46,123,2.0,1318636800
20,647,5.0,1367971200
330,320,4.0,1356566400
904,859,5.0,1401408000
160,438,3.0,1360368000
518,450,4.0,1345420800
23,550,5.0,1374278400
337,642,5.0,1376352000
436,162,3.0,1317168000
520,788,5.0,1403740800
148,688,5.0,1370217600
483,40,4.0,1229558400
162,197,4.0,1316390400
343,86,4.0,1282176000
323,522,4.0,1363824000
384,418,5.0,1346112000
224,695,4.0,1377907200
620,377,5.0,1345420800
147,704,5.0,1381276800
120,839,4.0,1397606400
816,245,4.0,1315872000
335,416,4.0,1359936000
11,615,3.0,1393545600
915,837,5.0,1394236800
192,8,4.0,1366243200
153,581,5.0,1388361600
171,447,4.0,1368489600
713,865,3.0,1405468800
844,163,3.0,1321228800
366,160,4.0,1335744000
125,215,3.0,1321401600
805,394,5.0,1350432000
553,730,3.0,1375920000
203,313,5.0,1341792000
733,747,1.0,1387411200
193,263,3.0,1317168000
17,529,4.0,1385510400
509,747,4.0,1381795200
225,87,5.0,1285200000
730,311,4.0,1340150400
160,142,4.0,1326067200
630,343,3.0,1358121600
293,320,5.0,1349827200
375,847,2.0,1389916800
665,802,4.0,1399161600
333,601,4.0,1380672000
124,134,3.0,1316044800
21,666,3.0,1379894400
677,246,3.0,1324944000
741,150,4.0,1340755200
700,648,4.0,1383004800
151,700,3.0,1383177600
578,711,3.0,1381968000
395,382,4.0,1348704000
109,565,5.0,1373587200
96,3,5.0,1282953600
791,831,3.0,1397779200
189,555,3.0,1380153600
324,331,4.0,1342483200
45,392,5.0,1349654400
889,338,4.0,1342310400
375,426,3.0,1341273600
806,252,4.0,1314057600
60,375,4.0,1346976000
251,639,4.0,1386720000
817,825,3.0,1393545600
895,725,5.0,1376524800
575,463,3.0,1353369600
698,258,2.0,1336003200
697,350,4.0,1387238400
324,856,2.0,1403049600
896,231,5.0,1317600000
374,440,4.0,1393891200
44,399,5.0,1348444800
203,858,4.0,1400112000
220,832,4.0,1395619200
831,600,5.0,1384819200
387,744,4.0,1377129600
311,335,5.0,1337126400
40,280,4.0,1325376000
911,368,4.0,1351814400
676,710,2.0,1382659200
790,134,4.0,1347580800
421,400,3.0,1351123200
204,562,4.0,1377216000
433,587,5.0,1382572800
109,839,4.0,1395187200
746,551,2.0,1379894400
425,476,4.0,1344211200
51,0,4.0,1358640000
375,691,4.0,1380240000
749,720,5.0,1376438400
730,784,4.0,1385856000
335,770,4.0,1383609600
573,450,5.0,1346198400
371,335,4.0,1353196800
370,111,5.0,1400716800
415,215,3.0,1313971200
194,361,2.0,1348617600
549,153,5.0,1316649600
415,619,1.0,1380412800
63,553,4.0,1384128000
853,404,4.0,1348617600
315,686,4.0,1372896000
587,84,4.0,1351987200
37,54,5.0,1340841600
483,761,5.0,1385942400
898,498,4.0,1360195200
623,615,5.0,1396396800
687,258,5.0,1338076800
226,309,5.0,1344384000
61,87,5.0,1283126400
710,166,5.0,1320537600
6,726,1.0,1375488000
751,488,2.0,1353369600
83,441,5.0,1360195200
54,205,5.0,1339113600
706,350,5.0,1384473600
44,609,5.0,1376006400
804,727,4.0,1381881600
381,429,5.0,1376092800
1,392,4.0,1348617600
529,462,5.0,1358640000
884,645,4.0,1379203200
598,338,4.0,1341619200
66,651,5.0,1388448000
308,848,3.0,1395792000
41,149,3.0,1341446400
814,601,4.0,1385078400
538,822,1.0,1394841600
531,634,5.0,1386547200
442,401,2.0,1350691200
876,590,5.0,1387065600
323,548,5.0,1370390400
341,752,4.0,1376352000
406,758,4.0,1379116800
575,290,2.0,1330560000
340,316,4.0,1338422400
148,30,2.0,1352419200
270,660,3.0,1381968000
917,663,4.0,1379203200
746,545,5.0,1376092800
696,517,3.0,1362614400
778,412,4.0,1351641600
156,106,4.0,1292371200
333,20,4.0,1341100800
223,16,5.0,1352937600
191,812,4.0,1404172800
306,62,4.0,1382659200
85,689,4.0,1377216000
302,176,3.0,1309392000
741,753,4.0,1379462400
143,463,4.0,1351987200
908,364,5.0,1384560000
441,30,5.0,1351036800
687,836,2.0,1395360000
515,860,4.0,1405468800
341,627,5.0,1383436800
89,406,4.0,1349222400
151,347,2.0,1357689600
520,833,5.0,1396569600
175,149,5.0,1341619200
379,459,3.0,1345075200
215,11,4.0,1351296000
577,242,2.0,1331078400
854,696,1.0,1380153600
620,176,5.0,1309046400
154,295,3.0,1335744000
623,559,5.0,1367020800
775,381,3.0,1349395200
858,609,3.0,1374105600
165,407,4.0,1356739200
416,628,5.0,1383004800
609,396,5.0,1350518400
642,231,4.0,1330041600
258,149,5.0,1340755200
289,283,4.0,1364083200
45,653,4.0,1387411200
828,220,4.0,1317168000
794,457,5.0,1340755200
141,833,5.0,1398211200
817,330,5.0,1350259200
337,72,4.0,1286582400
177,77,3.0,1281744000
83,673,5.0,1379980800
559,141,4.0,1324771200
45,698,4.0,1387152000
698,279,4.0,1353888000
101,501,3.0,1358985600
390,128,4.0,1320883200
352,834,4.0,1395100800
633,553,3.0,1387411200
103,603,4.0,1383350400
666,58,5.0,1385424000
753,510,3.0,1384992000
165,312,3.0,1352937600
667,245,5.0,1314057600
132,109,5.0,1292457600
804,664,1.0,1372032000
693,488,2.0,1361404800
556,759,5.0,1382227200
379,669,4.0,1380931200
145,472,4.0,1351036800
218,34,4.0,1355011200
292,573,4.0,1385510400
873,814,4.0,1393804800
717,358,5.0,1354492800
850,710,3.0,1378425600
87,263,5.0,1318204800
900,439,3.0,1366416000
584,682,5.0,1397606400
727,761,5.0,1383091200
278,324,5.0,1358380800
679,472,5.0,1349136000
342,317,5.0,1342483200
206,740,5.0,1379548800
429,188,4.0,1357689600
126,458,5.0,1344988800
393,26,5.0,1386633600
613,263,4.0,1318636800
449,143,4.0,1320969600
291,635,5.0,1373932800
748,564,5.0,1381968000
837,223,3.0,1314144000
636,101,3.0,1283126400
818,860,4.0,1404345600
785,725,2.0,1374796800
919,718,4.0,1376956800
651,117,4.0,1315008000
722,329,5.0,1341619200
802,858,4.0,1400112000
842,260,4.0,1316390400
216,538,3.0,1369180800
236,283,4.0,1357344000
480,187,3.0,1314489600
526,267,3.0,1324598400
353,487,4.0,1344729600
673,155,3.0,1335916800
775,695,5.0,1373328000
348,801,4.0,1388534400
149,316,5.0,1338681600
522,839,5.0,1395878400
225,783,2.0,1380672000
587,586,4.0,1374019200
491,839,3.0,1397606400
194,329,5.0,1338508800
32,206,2.0,1320278400
835,383,5.0,1348099200
428,368,4.0,1352764800
222,789,4.0,1399248000
608,275,4.0,1405209600
412,191,4.0,1314316800
896,721,3.0,1376611200
477,623,5.0,1382918400
468,733,4.0,1378598400
101,469,4.0,1362009600
145,290,3.0,1334620800
468,42,3.0,1233705600
244,746,4.0,1380672000
337,387,4.0,1368144000
456,149,4.0,1361664000
713,784,4.0,1383523200
337,267,4.0,1324339200
184,691,5.0,1383177600
22,228,4.0,1382400000
29,616,5.0,1397692800
726,450,4.0,1363392000
578,148,4.0,1354579200
324,713,4.0,1381881600
694,803,5.0,1400112000
268,413,4.0,1342569600
640,270,4.0,1365465600
174,642,5.0,1374624000
731,200,4.0,1315612800
453,815,4.0,1395273600
50,44,5.0,1222128000
717,547,3.0,1387152000
25,717,5.0,1381795200
836,397,4.0,1372291200
222,535,5.0,1380931200
396,98,4.0,1326931200
681,337,5.0,1341532800
3,10,4.0,1256515200
836,172,5.0,1317254400
22,38,5.0,1167955200
829,577,5.0,1384905600
338,224,4.0,1320969600
426,638,4.0,1381622400
202,605,4.0,1387324800
47,117,4.0,1323993600
268,649,4.0,1381795200
6,0,5.0,1351987200
86,753,5.0,1378944000
722,242,4.0,1328054400
854,704,5.0,1380585600
371,227,5.0,1320537600
604,810,5.0,1400457600
797,538,4.0,1371427200
339,21,5.0,1337731200
163,849,4.0,1391644800
712,85,5.0,1282694400
692,201,4.0,1316044800
37,574,5.0,1383782400
788,416,4.0,1359590400
280,696,3.0,1379376000
193,865,4.0,1404518400
630,792,3.0,1399852800
792,183,4.0,1309478400
249,276,4.0,1335225600
389,153,3.0,1326931200
99,88,5.0,1387065600
445,817,5.0,1396137600
428,540,5.0,1383868800
269,715,5.0,1379203200
770,534,3.0,1382572800
476,424,4.0,1351900800
799,558,5.0,1379203200
841,672,5.0,1373760000
496,219,4.0,1323820800
835,749,3.0,1378598400
41,806,5.0,1400457600
454,420,3.0,1351814400
149,750,5.0,1375142400
774,736,3.0,1384041600
419,119,4.0,1319241600
829,601,5.0,1384819200
598,270,4.0,1361059200
396,249,5.0,1342915200
268,452,4.0,1346630400
894,213,5.0,1332460800
132,369,5.0,1347494400
805,840,5.0,1404259200
909,418,4.0,1344211200
197,277,4.0,1351468800
370,338,4.0,1341619200
446,851,4.0,1401753600
158,193,4.0,1314230400
42,625,5.0,1381017600
493,38,5.0,1227657600
434,647,5.0,1370995200
271,14,4.0,1350518400
431,388,4.0,1350518400
295,496,4.0,1392249600
36,139,4.0,1317254400
334,580,5.0,1383264000
222,400,2.0,1349654400
128,614,5.0,1369872000
646,707,5.0,1374796800
176,169,5.0,1317600000
544,345,3.0,1366243200
320,520,3.0,1363651200
492,585,4.0,1392768000
294,289,2.0,1334793600
589,714,3.0,1377993600
8,174,4.0,1315785600
41,578,5.0,1382832000
180,16,5.0,1350864000
188,762,5.0,1382572800
378,784,4.0,1383091200
642,579,1.0,1382832000
730,442,4.0,1361750400
214,182,4.0,1344470400
542,862,5.0,1404518400
480,54,5.0,1340236800
510,557,3.0,1362787200
864,166,4.0,1316649600
902,855,4.0,1390435200
182,403,3.0,1348876800
388,491,5.0,1352246400
915,661,5.0,1373328000
487,517,5.0,1363910400
693,500,4.0,1361404800
771,711,4.0,1383955200
29,291,4.0,1340150400
745,165,3.0,1318896000
748,697,5.0,1384992000
30,308,5.0,1338768000
42,95,5.0,1345852800
496,482,5.0,1348099200
276,706,5.0,1374796800
701,740,5.0,1379289600
245,149,4.0,1343174400
144,496,4.0,1391817600
91,171,4.0,1316476800
68,666,4.0,1372377600
599,168,4.0,1317254400
510,852,4.0,1405209600
557,402,3.0,1366329600
895,866,4.0,1405814400
242,13,3.0,1216598400
182,544,2.0,1375833600
169,159,4.0,1342569600
46,700,1.0,1382918400
718,846,4.0,1397606400
672,555,3.0,1380758400
570,109,5.0,1290470400
391,638,5.0,1377993600
161,82,4.0,1288137600
575,858,4.0,1400716800
403,639,5.0,1386201600
633,650,4.0,1370822400
611,687,4.0,1376352000
740,559,4.0,1362614400
338,254,4.0,1323734400
52,17,5.0,1340150400
735,109,5.0,1292198400
355,213,3.0,1315612800
548,133,4.0,1322956800
287,22,5.0,1084147200
3,506,4.0,1358985600
399,143,4.0,1321401600
577,444,5.0,1351209600
579,77,3.0,1282176000
152,786,4.0,1392854400
807,398,4.0,1344297600
770,109,5.0,1290729600
356,275,5.0,1403740800
290,331,5.0,1346457600
792,415,5.0,1348617600
352,97,3.0,1302652800
108,38,5.0,1224720000
703,355,3.0,1342396800
129,723,4.0,1377993600
438,601,5.0,1383350400
596,593,1.0,1387324800
75,2,5.0,1356307200
478,162,3.0,1317254400
56,137,5.0,1336089600
58,139,5.0,1317081600
304,396,5.0,1352937600
544,136,2.0,1308960000
706,847,3.0,1393459200
208,10,5.0,1195603200
47,502,5.0,1391040000
67,70,4.0,1314662400
162,32,4.0,1356566400
511,314,3.0,1382918400
492,103,4.0,1290816000
585,788,4.0,1398211200
602,355,5.0,1342828800
436,816,4.0,1403049600
376,681,3.0,1398643200
61,470,3.0,1365724800
868,761,5.0,1384128000
41,235,5.0,1383004800
371,112,4.0,1349049600
517,332,5.0,1343260800
44,13,4.0,1288828800
162,560,4.0,1375660800
81,547,5.0,1385683200
616,305,2.0,1347148800
11,326,5.0,1358899200
100,823,5.0,1393891200
42,208,5.0,1319587200
391,627,5.0,1387411200
152,639,4.0,1389744000
379,664,2.0,1373673600
298,849,5.0,1393459200
10,808,3.0,1401062400
799,117,3.0,1315785600
503,633,4.0,1377561600
29,841,4.0,1405296000
574,147,5.0,1356566400
44,452,5.0,1345420800
205,120,5.0,1320796800
214,768,4.0,1384646400
609,321,5.0,1342656000
808,699,4.0,1383696000
745,569,4.0,1375401600
202,590,4.0,1385424000
313,73,4.0,1289692800
771,407,5.0,1364428800
543,408,2.0,1354752000
612,383,5.0,1346716800
286,641,4.0,1373846400
123,5,5.0,1291939200
32,574,3.0,1379462400
204,172,5.0,1325030400
635,233,5.0,1323302400
624,326,5.0,1359849600
444,418,5.0,1343088000
470,571,3.0,1377734400
722,315,5.0,1341619200
351,449,4.0,1349827200
831,405,3.0,1351036800
466,665,4.0,1374192000
819,269,5.0,1337126400
370,660,4.0,1377907200
23,559,5.0,1364428800
256,740,3.0,1389225600
242,381,3.0,1348704000
258,804,4.0,1398556800
516,712,3.0,1385596800
624,190,3.0,1384732800
347,667,4.0,1376870400
761,377,4.0,1350432000
366,447,5.0,1349481600
422,423,4.0,1349049600
638,588,5.0,1376870400
41,337,5.0,1338768000
218,703,2.0,1377302400
185,273,5.0,1366156800
911,313,2.0,1338854400
467,623,3.0,1383350400
717,653,5.0,1387152000
792,210,4.0,1317168000
828,643,5.0,1382659200
769,93,1.0,1287619200
41,805,4.0,1399248000
92,688,5.0,1370476800
625,797,5.0,1405555200
154,226,4.0,1316649600
179,339,4.0,1342656000
297,479,4.0,1345075200
389,554,4.0,1384214400
791,568,4.0,1375833600
107,624,3.0,1375401600
227,163,3.0,1319155200
399,846,3.0,1397692800
104,818,5.0,1405900800
440,452,4.0,1356566400
228,583,4.0,1385424000
533,574,4.0,1379635200
618,667,4.0,1375833600
520,95,4.0,1287532800
642,494,3.0,1364601600
730,781,4.0,1380499200
139,260,4.0,1316908800
152,115,5.0,1316563200
473,589,5.0,1380240000
746,681,4.0,1400112000
290,327,5.0,1342224000
44,647,5.0,1371686400
86,650,4.0,1371772800
710,655,3.0,1381017600
477,473,4.0,1349654400
815,661,5.0,1373068800
120,57,4.0,1262390400
229,533,5.0,1370131200
126,616,5.0,1396224000
664,231,5.0,1322438400
467,73,2.0,1288137600
159,500,3.0,1367452800
360,90,5.0,1288310400
57,480,3.0,1348531200
139,508,5.0,1359763200
58,626,5.0,1375833600
693,776,4.0,1392854400
527,122,5.0,1294704000
323,343,3.0,1353456000
430,527,4.0,1367280000
274,15,4.0,1337040000
386,277,4.0,1351123200
602,556,4.0,1384732800
482,135,4.0,1356566400
246,13,5.0,1170028800
350,80,4.0,1297814400
499,115,3.0,1348704000
199,463,4.0,1352937600
49,147,3.0,1354320000
686,350,5.0,1382572800
31,210,5.0,1316390400
156,90,3.0,1290038400
668,245,5.0,1345334400
20,839,4.0,1393027200
453,721,4.0,1378080000
134,237,5.0,1353369600
208,406,4.0,1348617600
873,198,4.0,1314403200
733,263,3.0,1327363200
99,103,5.0,1293321600
352,616,4.0,1394323200
40,820,4.0,1390953600
4,329,5.0,1340236800
52,304,4.0,1350432000
81,619,2.0,1385424000
122,415,4.0,1358380800
390,814,4.0,1395792000
21,63,4.0,1381276800
448,777,4.0,1397692800
816,153,4.0,1317254400
315,175,5.0,1311379200
775,464,5.0,1344124800
791,377,3.0,1343952000
190,644,4.0,1374624000
637,864,5.0,1405814400
638,593,5.0,1385078400
373,154,5.0,1317254400
902,682,5.0,1397692800
633,290,2.0,1331683200
21,324,5.0,1354492800
789,536,5.0,1359504000
868,828,3.0,1396483200
793,690,5.0,1383264000
241,330,5.0,1349481600
483,586,4.0,1375574400
139,686,5.0,1372204800
479,36,4.0,1381968000
87,813,4.0,1399766400
789,245,5.0,1318032000
430,29,4.0,1381017600
627,637,5.0,1376438400
167,149,5.0,1341187200
434,826,5.0,1392768000
156,591,3.0,1386201600
157,800,5.0,1401840000
522,675,5.0,1374105600
790,689,5.0,1377129600
731,276,5.0,1341273600
824,638,4.0,1379289600
692,65,2.0,1284595200
876,174,5.0,1384646400
212,560,3.0,1379548800
746,859,4.0,1403654400
335,480,5.0,1350345600
164,858,2.0,1398124800
83,496,3.0,1390176000
573,581,5.0,1383091200
836,611,5.0,1386028800
584,646,4.0,1373932800
840,611,5.0,1385683200
841,194,3.0,1315612800
828,491,5.0,1351123200
661,419,5.0,1351123200
400,458,5.0,1345075200
840,141,4.0,1325030400
199,774,4.0,1393372800
470,718,4.0,1375142400
70,120,5.0,1329696000
775,270,4.0,1351814400
451,563,4.0,1379548800
142,791,4.0,1401494400
250,527,4.0,1362614400
518,392,5.0,1349308800
287,566,5.0,1373932800
581,225,4.0,1313971200
208,445,4.0,1349913600
663,741,5.0,1383264000
338,858,4.0,1399507200
738,625,5.0,1382572800
782,100,5.0,1380153600
708,808,4.0,1401408000
591,196,4.0,1314057600
172,606,4.0,1373673600
69,308,4.0,1340236800
751,95,3.0,1286582400
468,186,4.0,1309651200
515,295,5.0,1334016000
665,799,5.0,1400457600
503,691,4.0,1383350400
110,50,5.0,1344470400
903,490,5.0,1363824000
351,639,3.0,1389744000
412,649,4.0,1386547200
393,585,2.0,1389312000
532,78,3.0,1281312000
128,5,4.0,1288310400
795,358,5.0,1354406400
307,17,5.0,1340755200
131,830,4.0,1393804800
873,825,4.0,1392768000
115,4,5.0,1290038400
179,832,2.0,1397779200
119,537,3.0,1368403200
386,584,4.0,1376438400
93,3,5.0,1285200000
489,700,4.0,1381276800
202,585,4.0,1395187200
278,491,5.0,1353369600
569,463,2.0,1357516800
254,864,5.0,1405900800
181,360,5.0,1350518400
518,148,5.0,1354492800
337,21,4.0,1367798400
151,660,3.0,1384300800
149,231,5.0,1317081600
378,831,3.0,1393718400
117,829,4.0,1395705600
197,490,2.0,1359849600
531,195,4.0,1316476800
268,611,4.0,1386460800
46,697,3.0,1382918400
5,599,4.0,1384819200
451,30,5.0,1355875200
651,717,5.0,1380844800
372,428,4.0,1347580800
34,9,1.0,1385942400
794,560,3.0,1375056000
150,431,5.0,1356048000
864,836,3.0,1393891200
0,642,4.0,1374019200
675,612,2.0,1389139200
890,543,4.0,1379462400
127,114,4.0,1317168000
528,788,5.0,1402272000
77,547,5.0,1386806400
365,447,5.0,1352764800
331,648,4.0,1388448000
720,223,3.0,1314144000
729,538,5.0,1370908800
205,635,5.0,1373068800
374,296,4.0,1344384000
390,25,4.0,1353369600
426,29,3.0,1378944000
453,453,5.0,1345680000
441,398,5.0,1345507200
268,741,4.0,1383177600
575,154,3.0,1319673600
89,280,3.0,1327968000
47,854,5.0,1396310400
478,157,5.0,1355097600
26,149,5.0,1343433600
164,112,4.0,1348617600
139,263,2.0,1317513600
164,63,4.0,1380585600
176,247,5.0,1316563200
238,533,4.0,1372550400
123,341,3.0,1361750400
597,363,4.0,1380672000
434,472,4.0,1355875200
347,119,5.0,1316044800
619,664,2.0,1373068800
163,384,5.0,1345680000
418,677,4.0,1375488000
218,118,5.0,1317772800
504,50,4.0,1340928000
30,324,4.0,1355875200
595,640,5.0,1381363200
211,465,2.0,1356912000
63,832,3.0,1402531200
338,21,4.0,1336694400
18,569,5.0,1372723200
746,788,5.0,1400716800
761,861,1.0,1405555200
77,482,5.0,1346198400
220,89,4.0,1287532800
377,597,3.0,1383523200
794,398,5.0,1344211200
874,568,5.0,1375142400
601,866,5.0,1404518400
576,90,3.0,1285200000
435,276,4.0,1335657600
236,303,3.0,1343779200
374,213,5.0,1317600000
669,666,3.0,1380067200
428,251,5.0,1323993600
617,228,4.0,1386806400
243,300,3.0,1352937600
506,298,4.0,1332460800
601,819,5.0,1397520000
434,29,2.0,1379462400
597,557,3.0,1367193600
11,235,4.0,1384041600
547,461,3.0,1364256000
824,497,1.0,1357516800
3,288,4.0,1332979200
415,247,5.0,1317340800
478,570,4.0,1362960000
392,844,1.0,1397692800
790,139,5.0,1318204800
778,411,2.0,1348617600
877,527,4.0,1363910400
747,281,5.0,1335744000
268,585,4.0,1389571200
213,10,5.0,1227225600
20,553,2.0,1387065600
455,195,5.0,1316563200
407,690,4.0,1384732800
132,6,3.0,1350259200
57,230,3.0,1317168000
144,81,4.0,1288656000
643,693,2.0,1383696000
300,560,4.0,1375747200
406,486,5.0,1350345600
1,747,4.0,1382400000
168,318,4.0,1337731200
319,336,5.0,1350518400
371,128,3.0,1316563200
143,853,4.0,1402963200
655,864,5.0,1405987200
48,695,5.0,1376524800
303,834,2.0,1396137600
648,662,5.0,1381881600
712,178,5.0,1308873600
394,106,5.0,1295481600
263,14,5.0,1357084800
696,723,4.0,1381363200
107,712,3.0,1382659200
374,221,4.0,1321056000
40,68,5.0,1279670400
11,613,4.0,1385510400
415,661,3.0,1375401600
27,298,3.0,1331337600
598,534,4.0,1383782400
114,234,4.0,1317168000
665,58,5.0,1385164800
508,358,3.0,1361318400
881,771,5.0,1372809600
524,715,5.0,1379635200
227,309,4.0,1344470400
700,555,2.0,1377561600
83,327,4.0,1343779200
684,491,5.0,1352937600
204,732,5.0,1383696000
618,464,5.0,1343952000
114,793,4.0,1383868800
199,136,4.0,1311206400
115,309,5.0,1343260800
436,141,5.0,1319587200
592,258,4.0,1335744000
11,106,3.0,1320537600
574,743,4.0,1384905600
385,164,4.0,1340323200
467,715,5.0,1372464000
151,286,4.0,1337731200
753,700,4.0,1385424000
450,727,4.0,1380153600
403,422,5.0,1383868800
128,646,5.0,1369785600
313,703,5.0,1377820800
112,366,4.0,1350345600
502,39,4.0,1227571200
433,622,4.0,1379289600
162,8,4.0,1355097600
283,600,5.0,1384473600
17,547,4.0,1385510400
837,581,5.0,1383264000
504,233,4.0,1316649600
671,59,5.0,1351641600
704,248,4.0,1341273600
533,93,4.0,1315958400
300,478,5.0,1348099200
920,790,5.0,1398729600
484,617,4.0,1379980800
366,291,4.0,1333929600
100,108,3.0,1292716800
496,118,4.0,1321315200
805,731,4.0,1376438400
538,674,4.0,1374105600
95,372,5.0,1382745600
421,395,3.0,1347580800
10,49,3.0,1292889600
267,738,5.0,1384992000
555,677,4.0,1375142400
282,122,5.0,1294272000
63,787,4.0,1402531200
289,503,4.0,1356912000
909,862,5.0,1405555200
378,253,1.0,1338076800
377,150,4.0,1340928000
186,565,3.0,1375660800
678,376,5.0,1348012800
426,455,4.0,1342310400
23,723,5.0,1378857600
346,81,5.0,1365120000
618,676,3.0,1380844800
204,38,5.0,1224806400
765,165,5.0,1327708800
73,692,5.0,1381795200
816,657,5.0,1378771200
312,111,4.0,1403049600
778,455,2.0,1341446400
710,723,2.0,1377907200
883,610,3.0,1404172800
2,326,5.0,1355875200
557,176,4.0,1311897600
178,169,5.0,1317081600
405,203,3.0,1316044800
881,758,4.0,1374105600
518,327,5.0,1342310400
914,566,5.0,1375920000
531,44,3.0,1222214400
660,652,2.0,1380153600
288,531,5.0,1375920000
335,144,5.0,1316563200
284,310,5.0,1353283200
82,68,4.0,1282176000
578,527,4.0,1363824000
502,408,1.0,1348617600
7,0,4.0,1398297600
615,661,5.0,1372204800
348,52,5.0,1350518400
288,660,5.0,1384732800
643,515,4.0,1360368000
748,559,4.0,1368576000
742,142,4.0,1367798400
830,390,4.0,1352678400
145,768,4.0,1387929600
21,364,2.0,1388102400
133,685,3.0,1372982400
37,653,5.0,1387238400
213,211,3.0,1319241600
405,828,5.0,1395273600
601,842,4.0,1397520000
776,697,4.0,1384905600
181,168,5.0,1337817600
365,44,5.0,1222300800
463,563,5.0,1377648000
814,462,4.0,1351728000
723,427,4.0,1347148800
866,324,5.0,1351900800
601,715,4.0,1376784000
186,676,4.0,1384214400
212,513,3.0,1360713600
580,257,4.0,1356652800
447,711,3.0,1383868800
719,842,4.0,1396742400
183,471,5.0,1363564800
811,118,4.0,1314835200
730,474,3.0,1352764800
111,202,5.0,1314662400
799,774,5.0,1394236800
881,565,5.0,1385424000
286,820,5.0,1390521600
826,531,3.0,1370390400
377,346,4.0,1356566400
169,40,3.0,1227657600
109,822,3.0,1395100800
801,667,5.0,1374624000
872,741,3.0,1381449600
156,116,4.0,1316736000
33,573,5.0,1385424000
186,752,3.0,1377388800
314,601,5.0,1387324800
149,507,3.0,1361145600
538,672,2.0,1374105600
21,275,5.0,1404691200
98,461,5.0,1346889600
538,227,4.0,1321401600
36,230,2.0,1317254400
47,220,4.0,1318291200
228,646,3.0,1372550400
543,668,5.0,1377993600
533,453,4.0,1343347200
490,286,4.0,1338336000
882,483,4.0,1347926400
648,701,5.0,1376697600
357,801,5.0,1389830400
103,334,5.0,1342051200
676,753,4.0,1379808000
758,695,5.0,1376784000
744,811,4.0,1403136000
43,302,4.0,1352332800
726,675,4.0,1376352000
688,163,3.0,1319068800
819,636,5.0,1379462400
498,336,5.0,1350432000
17,853,3.0,1400198400
663,390,2.0,1356652800
469,545,4.0,1379203200
626,285,3.0,1334793600
796,670,3.0,1375488000
177,641,4.0,1373846400
809,117,4.0,1314576000
546,513,4.0,1359244800
548,84,5.0,1352851200
396,244,3.0,1342915200
707,291,3.0,1334448000
117,544,4.0,1375228800
87,753,5.0,1377993600
161,452,5.0,1345420800
516,724,3.0,1378598400
168,155,5.0,1336521600
65,613,4.0,1385337600
638,324,5.0,1354579200
649,269,5.0,1336003200
220,356,4.0,1342569600
733,712,4.0,1387324800
545,358,5.0,1356566400
577,691,4.0,1386115200
636,150,5.0,1363737600
833,296,4.0,1344902400
223,260,5.0,1318809600
519,430,5.0,1343174400
210,267,3.0,1329350400
183,683,5.0,1381968000
138,165,5.0,1317254400
719,441,5.0,1360627200
220,138,4.0,1350345600
37,618,5.0,1387238400
453,521,4.0,1366070400
689,645,4.0,1377129600
142,611,3.0,1386028800
597,165,4.0,1326672000
498,833,5.0,1397606400
517,224,5.0,1310688000
399,646,3.0,1374105600
548,859,5.0,1403568000
25,483,5.0,1345680000
731,589,5.0,1385424000
370,490,4.0,1359504000
106,738,4.0,1388534400
401,447,5.0,1357257600
117,455,2.0,1350864000
714,595,2.0,1382054400
679,700,4.0,1383091200
653,684,5.0,1377993600
9,495,5.0,1351036800
295,95,3.0,1285632000
492,44,3.0,1224115200
266,607,4.0,1378771200
223,491,5.0,1352937600
374,754,4.0,1383955200
149,245,5.0,1315440000
124,641,4.0,1373068800
76,53,4.0,1350432000
790,370,4.0,1346889600
156,487,4.0,1344470400
440,691,3.0,1386201600
4,643,5.0,1387411200
836,184,4.0,1308096000
36,334,4.0,1348444800
466,44,4.0,1222041600
37,831,3.0,1397692800
700,703,4.0,1375228800
282,260,4.0,1323561600
246,562,5.0,1390435200
203,92,4.0,1282608000
497,44,4.0,1222473600
278,461,5.0,1358380800
396,642,5.0,1373932800
134,266,3.0,1324857600
146,86,4.0,1284163200
683,371,5.0,1384646400
851,855,3.0,1392854400
156,554,4.0,1383436800
318,180,5.0,1314144000
243,373,4.0,1335398400
65,705,4.0,1385337600
337,128,3.0,1317168000
225,519,4.0,1363046400
392,831,4.0,1397692800
615,278,4.0,1401321600
384,631,4.0,1377561600
805,261,5.0,1326326400
570,106,5.0,1290470400
189,342,5.0,1358294400
575,193,5.0,1315008000
293,508,4.0,1361318400
19,420,4.0,1353110400
263,286,4.0,1342656000
8,576,5.0,1387238400
153,8,1.0,1355961600
563,48,4.0,1374710400
147,771,3.0,1379203200
673,65,4.0,1301875200
901,335,5.0,1335830400
156,687,2.0,1372204800
884,196,5.0,1315958400
506,133,3.0,1328140800
467,457,2.0,1341360000
774,296,4.0,1352073600
773,602,4.0,1382918400
410,70,4.0,1315440000
876,769,5.0,1382313600
400,636,5.0,1384819200
427,564,2.0,1378771200
844,153,5.0,1319414400
90,275,4.0,1403654400
255,14,3.0,1350691200
811,542,3.0,1360454400
447,702,3.0,1382572800
483,75,5.0,1282176000
30,12,4.0,1365120000
890,627,5.0,1384992000
589,544,4.0,1375920000
602,203,2.0,1314403200
843,645,4.0,1380758400
528,665,5.0,1376006400
179,643,5.0,1388361600
27,0,4.0,1356739200
623,391,4.0,1355702400
833,448,4.0,1351123200
520,92,4.0,1282176000
875,695,4.0,1372291200
580,486,4.0,1347408000
741,109,4.0,1292371200
489,482,4.0,1363737600
262,819,4.0,1397692800
214,719,4.0,1377907200
673,789,5.0,1399507200
829,158,5.0,1335312000
546,450,4.0,1345680000
816,120,4.0,1317254400
831,796,5.0,1404691200
499,768,4.0,1385510400
550,429,5.0,1343260800
555,606,4.0,1372896000
286,162,5.0,1318464000
677,464,4.0,1343260800
920,691,4.0,1384214400
460,748,3.0,1380153600
141,419,5.0,1351209600
435,711,4.0,1380499200
193,150,3.0,1342569600
909,843,5.0,1395446400
241,788,5.0,1399593600
838,166,4.0,1318204800
761,90,3.0,1293235200
443,714,4.0,1377820800
6,477,4.0,1351987200
157,790,4.0,1401840000
741,668,4.0,1376697600
619,375,5.0,1346112000
286,484,4.0,1347494400
90,201,3.0,1318809600
121,210,4.0,1317168000
85,2,4.0,1351555200
100,289,4.0,1330819200
502,800,4.0,1403049600
636,736,3.0,1381795200
297,148,4.0,1355961600
150,668,5.0,1379030400
639,219,5.0,1316649600
516,388,5.0,1351123200
220,792,3.0,1400889600
212,548,5.0,1369872000
298,515,5.0,1363737600
470,536,4.0,1360540800
552,210,4.0,1318636800
349,680,5.0,1373241600
585,775,3.0,1395014400
725,686,4.0,1388102400
137,377,3.0,1350432000
793,443,4.0,1365120000
530,333,4.0,1351296000
246,634,5.0,1383091200
104,305,5.0,1350432000
732,430,4.0,1352937600
402,725,3.0,1377475200
54,400,4.0,1349136000
580,101,3.0,1283644800
325,19,5.0,1338854400
789,783,2.0,1378252800
267,303,4.0,1344297600
380,221,3.0,1320364800
253,367,2.0,1349913600
18,444,5.0,1357084800
193,513,3.0,1358899200
492,418,4.0,1344816000
524,575,5.0,1385683200
539,680,3.0,1374105600
697,227,3.0,1321488000
96,205,4.0,1316649600
511,648,4.0,1385769600
433,556,5.0,1384905600
760,672,3.0,1374105600
33,611,4.0,1388707200
131,389,4.0,1349740800
291,794,5.0,1387324800
528,276,5.0,1344643200
733,558,5.0,1386460800
695,833,5.0,1397606400
833,435,5.0,1345680000
678,648,3.0,1387324800
75,579,5.0,1387238400
723,718,4.0,1374624000
669,702,3.0,1385769600
603,326,5.0,1356652800
179,8,3.0,1359072000
744,787,3.0,1403136000
625,539,4.0,1383523200
35,653,5.0,1385078400
543,85,5.0,1284595200
755,241,5.0,1355184000
77,677,4.0,1377820800
873,188,5.0,1348876800
623,70,2.0,1318291200
655,765,4.0,1384300800
110,105,5.0,1367366400
820,319,4.0,1339027200
2,593,4.0,1381968000
199,38,4.0,1226448000
212,141,3.0,1325894400
190,753,5.0,1380153600
138,388,5.0,1351555200
402,399,4.0,1346976000
837,687,5.0,1373155200
204,573,5.0,1385596800
243,13,4.0,1142294400
617,348,3.0,1374019200
306,319,4.0,1336003200
891,457,3.0,1343174400
604,809,5.0,1400457600
455,72,4.0,1292457600
526,231,5.0,1317254400
792,420,5.0,1348704000
220,71,4.0,1280707200
555,669,5.0,1380585600
467,400,3.0,1354320000
53,695,4.0,1379116800
432,205,5.0,1316995200
47,194,3.0,1316390400
888,206,5.0,1320883200
127,485,4.0,1353110400
286,459,4.0,1350259200
202,282,4.0,1331683200
423,544,3.0,1375660800
565,376,3.0,1347580800
87,763,5.0,1384041600
263,475,3.0,1360713600
108,573,5.0,1382918400
210,321,4.0,1344902400
25,478,4.0,1346198400
243,323,5.0,1337817600
631,388,4.0,1350086400
586,270,4.0,1351209600
710,233,5.0,1317772800
373,142,4.0,1319673600
151,678,5.0,1374192000
158,730,4.0,1382572800
269,242,2.0,1317168000
38,166,3.0,1325980800
274,410,5.0,1348099200
476,666,1.0,1377475200
3,258,4.0,1336694400
140,855,2.0,1390521600
809,407,4.0,1351036800
74,504,4.0,1383955200
748,262,5.0,1316476800
31,392,4.0,1348704000
399,400,4.0,1350518400
342,21,4.0,1337731200
354,95,4.0,1286668800
41,372,5.0,1384214400
36,745,4.0,1380499200
338,583,4.0,1386633600
75,159,4.0,1342569600
401,576,5.0,1387152000
318,183,5.0,1306368000
348,405,2.0,1348617600
222,11,5.0,1342742400
400,634,3.0,1387324800
779,431,5.0,1346630400
38,195,5.0,1316044800
360,93,3.0,1286064000
877,618,3.0,1384732800
404,817,4.0,1396828800
125,472,3.0,1363824000
570,104,5.0,1290470400
599,51,4.0,1354147200
92,296,4.0,1344643200
357,784,5.0,1387324800
583,700,2.0,1384905600
168,419,5.0,1351296000
356,58,5.0,1382486400
208,434,3.0,1346803200
631,607,4.0,1378252800
162,149,4.0,1343001600
87,530,5.0,1357430400
288,354,5.0,1342396800
530,866,5.0,1404259200
618,626,5.0,1375488000
334,135,5.0,1348790400
287,829,3.0,1397692800
303,548,5.0,1369699200
668,145,5.0,1348963200
897,527,4.0,1368144000
612,835,5.0,1395273600
444,391,5.0,1353283200
662,622,3.0,1378166400
778,687,4.0,1376438400
119,141,5.0,1321228800
104,629,5.0,1386201600
314,341,5.0,1368489600
137,91,5.0,1288137600
637,146,4.0,1381622400
351,564,4.0,1381622400
721,838,3.0,1396915200
331,576,4.0,1388448000
569,220,4.0,1317081600
236,697,4.0,1385683200
407,613,5.0,1383091200
638,815,5.0,1396396800
42,209,5.0,1319587200
739,337,5.0,1339200000
583,712,4.0,1384473600
683,397,4.0,1373068800
571,521,4.0,1363737600
401,635,5.0,1374019200
577,669,4.0,1384732800
582,666,4.0,1378252800
418,711,4.0,1378684800
741,190,4.0,1378598400
155,258,4.0,1336694400
370,402,3.0,1349913600
889,753,3.0,1378339200
330,54,2.0,1350518400
813,538,4.0,1369699200
661,378,5.0,1343260800
149,97,3.0,1289347200
315,543,3.0,1377907200
805,824,5.0,1405382400
677,663,4.0,1379203200
792,563,4.0,1383868800
684,447,5.0,1349481600
18,847,3.0,1394928000
47,142,5.0,1321228800
594,532,5.0,1371686400
200,531,5.0,1377302400
29,253,4.0,1340323200
533,435,5.0,1347840000
26,679,3.0,1388448000
672,371,5.0,1384732800
77,866,5.0,1404086400
83,2,3.0,1353628800
376,373,3.0,1334793600
412,253,3.0,1337644800
757,706,5.0,1393372800
492,242,4.0,1319673600
124,633,4.0,1379548800
582,571,3.0,1376092800
243,170,4.0,1317254400
501,467,4.0,1374710400
350,408,4.0,1349654400
301,586,5.0,1372723200
810,819,5.0,1394928000
413,608,5.0,1384646400
579,176,5.0,1312243200
515,418,5.0,1344384000
529,66,2.0,1282176000
110,81,5.0,1290297600
365,142,5.0,1320192000
73,491,4.0,1351123200
680,770,5.0,1384387200
57,243,4.0,1316563200
169,611,5.0,1385683200
399,142,4.0,1321401600
10,789,5.0,1399334400
650,462,4.0,1364428800
778,98,4.0,1290384000
448,491,5.0,1352764800
572,747,4.0,1380499200
186,107,3.0,1293235200
282,870,5.0,1405468800
675,563,2.0,1379894400
305,17,5.0,1340755200
348,247,5.0,1318982400
445,783,3.0,1379894400
338,75,5.0,1279670400
888,225,5.0,1314144000
338,680,4.0,1375142400
675,834,5.0,1393718400
254,858,4.0,1397779200
37,705,3.0,1387411200
744,368,3.0,1352937600
511,209,2.0,1326067200
138,106,5.0,1295654400
435,494,4.0,1355184000
45,529,5.0,1388361600
636,816,4.0,1401148800
4,330,5.0,1357516800
920,791,5.0,1398124800
453,849,3.0,1392595200
677,465,5.0,1381968000
166,112,4.0,1352678400
51,547,4.0,1383696000
511,774,4.0,1394323200
83,683,5.0,1382486400
375,748,5.0,1379030400
836,808,2.0,1403136000
119,81,5.0,1290988800
301,119,2.0,1316649600
27,801,4.0,1385856000
408,229,5.0,1317168000
523,43,2.0,1227830400
250,450,4.0,1345680000
624,388,4.0,1348876800
514,371,5.0,1386547200
608,462,4.0,1350518400
559,524,1.0,1369267200
444,158,5.0,1335398400
212,129,2.0,1310947200
920,830,2.0,1393891200
895,315,5.0,1339545600
488,199,4.0,1316563200
616,663,4.0,1378857600
401,624,5.0,1369440000
764,106,4.0,1295481600
618,500,1.0,1361404800
87,231,4.0,1318204800
401,606,2.0,1374019200
31,57,4.0,1261440000
251,407,3.0,1350345600
351,523,3.0,1362787200
329,725,4.0,1376092800
140,456,5.0,1368489600
758,166,4.0,1318118400
13,431,4.0,1348099200
265,50,2.0,1343174400
93,363,5.0,1381017600
149,769,5.0,1381795200
206,853,5.0,1403136000
655,87,5.0,1283904000
312,684,5.0,1379376000
355,152,4.0,1389830400
775,225,3.0,1314230400
14,799,4.0,1402704000
870,833,5.0,1402272000
316,147,4.0,1365120000
659,309,5.0,1340928000
811,678,4.0,1376265600
236,522,4.0,1362700800
284,549,5.0,1365811200
426,635,5.0,1376438400
670,170,4.0,1317254400
223,750,4.0,1376870400
127,773,3.0,1386720000
901,309,5.0,1343865600
399,299,4.0,1350518400
61,213,4.0,1318896000
361,517,4.0,1362787200
615,53,4.0,1349049600
50,754,3.0,1377734400
295,248,5.0,1348617600
618,520,3.0,1362787200
620,827,4.0,1392768000
672,131,4.0,1387238400
201,31,4.0,1350432000
63,1,3.0,1322697600
560,468,5.0,1362441600
573,603,2.0,1383004800
348,72,4.0,1285632000
817,123,5.0,1317254400
15,248,5.0,1344384000
16,472,5.0,1349308800
335,454,5.0,1344211200
63,407,4.0,1349481600
848,557,3.0,1362960000
162,95,4.0,1323734400
839,547,5.0,1387238400
295,318,5.0,1343260800
638,827,5.0,1393286400
623,292,3.0,1330992000
63,698,4.0,1383177600
575,684,5.0,1379548800
127,113,4.0,1315180800
639,820,5.0,1391472000
809,336,3.0,1350777600
625,172,4.0,1316649600
543,342,5.0,1358899200
169,355,4.0,1342656000
320,525,2.0,1357603200
138,726,1.0,1375488000
87,464,5.0,1344643200
89,543,3.0,1375574400
862,671,3.0,1382054400
660,634,5.0,1383955200
738,704,5.0,1380067200
87,637,5.0,1374364800
845,653,5.0,1387411200
873,197,4.0,1314403200
879,615,3.0,1396224000
546,362,4.0,1385337600
224,267,5.0,1324944000
137,514,4.0,1368576000
664,114,4.0,1323648000
605,52,4.0,1349568000
149,800,4.0,1400457600
837,704,5.0,1378339200
439,299,5.0,1350086400
180,450,4.0,1347235200
28,558,4.0,1378339200
536,730,5.0,1376438400
236,747,5.0,1378339200
531,386,5.0,1348531200
848,625,5.0,1381104000
659,318,5.0,1337817600
859,654,2.0,1382918400
375,417,5.0,1343779200
365,134,5.0,1314748800
625,782,5.0,1383177600
245,453,4.0,1343260800
422,33,5.0,1325721600
24,421,5.0,1352246400
214,721,5.0,1377907200
21,737,3.0,1379548800
763,611,5.0,1388016000
98,474,5.0,1350259200
214,729,3.0,1377907200
377,276,3.0,1337817600
260,729,3.0,1377475200
159,336,5.0,1350518400
92,597,3.0,1383436800
516,495,4.0,1352678400
788,716,4.0,1383004800
167,304,5.0,1348876800
836,851,4.0,1405555200
600,379,2.0,1376092800
333,729,3.0,1375228800
286,180,3.0,1316044800
61,485,4.0,1350950400
588,147,5.0,1357862400
787,592,4.0,1385942400
314,389,4.0,1358985600
636,95,4.0,1298505600
804,583,4.0,1383436800
297,186,5.0,1317340800
468,286,4.0,1343347200
257,752,4.0,1377734400
203,10,5.0,1231977600
654,563,3.0,1382486400
520,167,4.0,1316995200
753,337,5.0,1338595200
504,559,4.0,1366243200
134,250,5.0,1343260800
679,483,4.0,1347408000
10,532,3.0,1377302400
323,420,2.0,1352419200
441,222,5.0,1319068800
352,248,5.0,1344988800
790,472,4.0,1349913600
484,867,4.0,1406073600
690,402,3.0,1353801600
171,57,3.0,1267056000
717,219,4.0,1318896000
37,235,5.0,1387238400
776,465,5.0,1374105600
549,105,4.0,1332028800
303,424,3.0,1366848000
49,516,4.0,1359417600
672,703,5.0,1376092800
657,807,3.0,1399680000
662,287,4.0,1339545600
656,472,5.0,1354147200
596,723,4.0,1382572800
189,591,5.0,1386115200
460,224,4.0,1313193600
18,753,5.0,1378857600
345,580,4.0,1387324800
323,823,4.0,1394323200
355,192,5.0,1316044800
567,121,5.0,1317168000
164,548,4.0,1370217600
96,327,5.0,1344038400
531,748,4.0,1385683200
204,235,5.0,1384214400
602,371,4.0,1382486400
123,673,5.0,1377734400
154,729,3.0,1376697600
218,792,5.0,1402963200
830,555,5.0,1381881600
129,5,4.0,1288828800
813,635,5.0,1372032000
697,612,3.0,1394841600
212,227,4.0,1319068800
727,354,5.0,1341964800
630,144,3.0,1317168000
91,279,4.0,1349222400
280,193,5.0,1315440000
17,754,4.0,1385251200
509,335,5.0,1336435200
309,17,5.0,1339545600
876,579,5.0,1384646400
250,133,4.0,1319587200
94,306,5.0,1348963200
171,581,5.0,1381622400
682,400,4.0,1351036800
175,682,5.0,1395705600
232,351,4.0,1346803200
790,106,5.0,1296086400
470,409,3.0,1358121600
548,134,4.0,1314662400
518,495,4.0,1350864000
769,321,4.0,1340841600
452,754,4.0,1380412800
125,739,4.0,1385942400
792,215,4.0,1314489600
570,49,5.0,1290470400
428,180,4.0,1314057600
775,538,3.0,1369267200
448,828,4.0,1397692800
622,352,5.0,1346457600
53,548,4.0,1372291200
708,111,5.0,1400803200
668,616,5.0,1394755200
525,340,4.0,1359763200
597,627,5.0,1383004800
58,383,2.0,1346284800
10,707,1.0,1381190400
515,386,5.0,1348012800
396,740,5.0,1396137600
770,195,3.0,1316044800
758,366,5.0,1343952000
41,453,4.0,1343088000
760,251,2.0,1317340800
617,500,2.0,1366243200
580,177,4.0,1316304000
361,755,5.0,1379376000
37,451,3.0,1345507200
709,105,4.0,1291593600
528,55,5.0,1294531200
190,561,3.0,1376179200
664,813,4.0,1398643200
183,148,4.0,1355097600
9,342,4.0,1353888000
305,563,4.0,1381536000
604,828,5.0,1396396800
149,7,3.0,1384214400
453,834,4.0,1397520000
628,107,3.0,1292457600
479,145,3.0,1350518400
337,431,4.0,1368144000
278,438,5.0,1358380800
580,816,4.0,1400284800
29,159,4.0,1348531200
139,168,5.0,1317513600
233,700,3.0,1382918400
831,709,5.0,1378252800
394,655,5.0,1384992000
845,270,4.0,1350950400
429,96,4.0,1351555200
742,200,4.0,1348704000
11,653,4.0,1385683200
500,44,2.0,1222128000
66,724,3.0,1377993600
756,511,5.0,1383868800
161,308,4.0,1338422400
433,794,3.0,1386633600
883,581,4.0,1387238400
114,784,2.0,1384819200
164,583,3.0,1384128000
123,705,5.0,1383177600
612,597,5.0,1380844800
263,268,3.0,1316044800
364,566,4.0,1372982400
289,16,4.0,1356048000
827,134,5.0,1314057600
828,207,5.0,1311897600
750,136,3.0,1321488000
217,308,4.0,1359158400
266,157,4.0,1356912000
777,329,4.0,1339545600
798,318,4.0,1338336000
819,623,5.0,1383091200
585,547,3.0,1383004800
242,505,4.0,1359417600
26,784,3.0,1385424000
497,537,4.0,1363824000
171,149,4.0,1343174400
498,459,4.0,1344729600
18,76,5.0,1282176000
10,378,3.0,1344297600
707,235,4.0,1377993600
107,695,3.0,1375228800
246,559,5.0,1367366400
390,238,4.0,1382659200
635,749,4.0,1380412800
679,372,5.0,1383091200
78,454,1.0,1348704000
635,417,4.0,1352073600
3,740,5.0,1376006400
180,548,5.0,1369008000
420,421,5.0,1356480000
127,265,4.0,1365206400
11,643,3.0,1389398400
337,73,5.0,1290038400
96,290,4.0,1330905600
525,372,5.0,1384473600
102,731,4.0,1375488000
579,197,5.0,1317168000
93,846,4.0,1396396800
355,150,4.0,1345075200
814,782,4.0,1381708800
801,123,3.0,1316563200
852,798,3.0,1403913600
357,168,5.0,1348704000
422,672,4.0,1375228800
899,487,4.0,1343260800
684,464,5.0,1344470400
296,773,3.0,1388448000
341,32,4.0,1353369600
668,836,4.0,1394841600
546,618,1.0,1383696000
90,266,3.0,1334880000
42,510,4.0,1382745600
208,838,3.0,1396224000
29,545,4.0,1379462400
112,336,5.0,1350345600
286,508,4.0,1361145600
899,409,4.0,1351123200
470,612,3.0,1392595200
172,822,5.0,1396656000
212,50,4.0,1340236800
236,748,5.0,1378339200
278,422,5.0,1386028800
251,673,4.0,1379548800
36,28,5.0,1353974400
139,270,4.0,1351814400
544,45,3.0,1316822400
205,181,4.0,1343260800
344,21,4.0,1342656000
217,325,5.0,1352073600
776,825,3.0,1395100800
421,750,5.0,1373241600
161,263,5.0,1316476800
158,163,4.0,1317168000
428,688,5.0,1369267200
61,269,5.0,1335916800
323,811,5.0,1400112000
579,608,5.0,1383264000
175,112,5.0,1349136000
479,339,5.0,1348099200
278,21,4.0,1337126400
87,821,5.0,1388188800
396,552,4.0,1385337600
398,563,4.0,1378252800
87,419,4.0,1352592000
143,847,2.0,1397347200
162,129,2.0,1315699200
164,668,3.0,1377043200
162,102,4.0,1293580800
673,79,5.0,1279756800
874,171,5.0,1323820800
208,542,3.0,1361923200
236,173,4.0,1309132800
172,8,4.0,1358294400
291,186,4.0,1306368000
6,708,2.0,1375488000
287,417,4.0,1345075200
467,82,3.0,1289174400
128,133,5.0,1319673600
401,500,3.0,1368662400
457,648,4.0,1385510400
887,381,4.0,1360886400
451,194,2.0,1315872000
915,803,5.0,1399507200
127,81,5.0,1289952000
474,713,3.0,1380153600
572,138,4.0,1357257600
9,612,4.0,1388448000
204,700,3.0,1385424000
361,799,5.0,1399852800
356,103,4.0,1290902400
401,336,4.0,1351123200
291,16,5.0,1350518400
42,635,5.0,1373328000
760,579,5.0,1386115200
261,244,4.0,1316044800
827,745,4.0,1377561600
257,581,5.0,1386460800
882,517,3.0,1363651200
492,38,5.0,1225670400
336,554,5.0,1381622400
468,746,4.0,1378598400
781,673,4.0,1380585600
838,774,3.0,1393718400
103,732,4.0,1383350400
392,337,5.0,1358208000
744,442,4.0,1361404800
77,673,5.0,1380153600
336,553,3.0,1381622400
117,231,5.0,1318809600
426,267,4.0,1326499200
149,159,4.0,1343952000
634,144,4.0,1321833600
559,808,2.0,1403222400
161,154,4.0,1316476800
651,81,4.0,1292457600
203,670,3.0,1373932800
276,15,5.0,1336435200
252,14,4.0,1356134400
296,238,3.0,1383696000
473,723,5.0,1381968000
308,159,5.0,1343865600
627,491,5.0,1354492800
467,228,4.0,1382745600
787,535,5.0,1383782400
446,686,5.0,1372464000
573,325,4.0,1349308800
257,815,3.0,1396569600
364,670,4.0,1374019200
817,716,5.0,1383609600
185,349,1.0,1374883200
79,595,4.0,1379548800
116,108,5.0,1300924800
630,500,2.0,1362009600
204,47,1.0,1219881600
85,761,5.0,1383264000
600,726,1.0,1375315200
37,613,5.0,1387411200
132,482,5.0,1348099200
551,639,4.0,1388275200
379,105,5.0,1291593600
216,249,4.0,1343606400
454,129,2.0,1310342400
696,68,5.0,1280102400
350,243,5.0,1316649600
624,613,5.0,1380412800
143,321,3.0,1350432000
490,296,3.0,1345075200
243,866,2.0,1404864000
156,458,5.0,1348704000
169,480,4.0,1353974400
700,110,4.0,1291334400
506,222,4.0,1328140800
905,833,5.0,1398902400
358,118,4.0,1315785600
594,117,3.0,1316044800
9,88,4.0,1387152000
750,86,4.0,1282780800
174,53,4.0,1353283200
132,177,5.0,1315958400
726,496,5.0,1392768000
647,820,5.0,1392768000
516,285,1.0,1331596800
860,269,4.0,1336003200
239,529,5.0,1386979200
741,647,4.0,1368144000
376,682,3.0,1398643200
317,81,5.0,1290038400
489,281,4.0,1331596800
454,855,3.0,1391817600
328,93,4.0,1286928000
826,845,3.0,1403654400
373,826,4.0,1389398400
36,592,3.0,1387324800
655,437,3.0,1381968000
158,810,4.0,1403568000
73,629,4.0,1380067200
329,383,5.0,1346284800
352,78,5.0,1322611200
813,641,3.0,1372032000
616,458,4.0,1344384000
453,212,5.0,1321488000
143,369,4.0,1346544000
819,867,4.0,1404864000
481,520,4.0,1363824000
246,75,5.0,1364342400
431,495,5.0,1350864000
444,719,3.0,1381881600
518,41,5.0,1353456000
374,141,5.0,1321056000
643,860,3.0,1405814400
702,493,5.0,1362182400
717,698,4.0,1387324800
628,473,4.0,1351123200
689,65,4.0,1287792000
586,326,4.0,1354492800
184,337,5.0,1348012800
915,857,5.0,1394236800
393,464,5.0,1344297600
8,625,5.0,1381968000
394,765,5.0,1384992000
837,568,5.0,1375660800
204,547,5.0,1382918400
253,862,5.0,1404172800
296,260,4.0,1320796800
204,748,4.0,1384214400
425,231,5.0,1318204800
365,114,5.0,1314748800
625,768,5.0,1386547200
92,822,4.0,1395100800
313,240,4.0,1320624000
372,185,4.0,1306195200
483,43,4.0,1232409600
617,535,4.0,1384387200
382,838,3.0,1395705600
233,235,4.0,1382918400
860,738,5.0,1383523200
172,198,4.0,1328832000
383,857,3.0,1396656000
441,168,3.0,1317254400
855,246,4.0,1322006400
430,394,2.0,1348704000
22,385,4.0,1349308800
155,41,5.0,1354579200
163,838,4.0,1394668800
123,319,2.0,1338940800
585,427,4.0,1346803200
162,504,4.0,1384128000
89,276,5.0,1335312000
812,259,2.0,1329350400
89,12,3.0,1353974400
693,457,3.0,1342656000
467,84,5.0,1350950400
530,276,3.0,1335657600
445,82,2.0,1288310400
153,326,4.0,1353283200
164,740,1.0,1394409600
846,681,4.0,1399766400
161,84,5.0,1351468800
289,248,4.0,1345075200
151,334,5.0,1341792000
672,503,5.0,1351728000
267,600,5.0,1384992000
45,573,5.0,1387065600
74,248,4.0,1344902400
515,416,5.0,1360886400
890,466,5.0,1363651200
897,805,3.0,1399507200
174,25,5.0,1353283200
615,392,5.0,1349222400
389,681,5.0,1397779200
906,266,5.0,1323216000
54,746,5.0,1380326400
27,283,4.0,1356739200
485,37,5.0,1383782400
855,832,4.0,1403049600
549,415,5.0,1356048000
388,678,3.0,1373500800
797,462,4.0,1350864000
575,286,4.0,1340323200
4,583,5.0,1383177600
141,812,4.0,1399766400
764,206,4.0,1316044800
546,623,3.0,1383782400
230,354,4.0,1343347200
388,144,2.0,1317859200
341,176,4.0,1309305600
340,682,4.0,1397001600
584,818,4.0,1404691200
861,637,5.0,1374451200
842,511,4.0,1397520000
177,61,5.0,1383523200
47,805,4.0,1404086400
162,267,4.0,1322784000
205,221,3.0,1323302400
182,8,4.0,1356566400
407,680,5.0,1373155200
358,771,4.0,1377302400
111,747,3.0,1387065600
705,862,4.0,1404950400
110,5,5.0,1290297600
193,600,4.0,1383177600
121,329,5.0,1340841600
235,504,5.0,1383782400
912,822,4.0,1394064000
865,610,5.0,1404259200
119,607,4.0,1380153600
756,706,5.0,1381708800
316,59,5.0,1354147200
734,656,4.0,1379548800
21,296,4.0,1343174400
492,170,4.0,1321920000
846,513,5.0,1361318400
10,130,5.0,1315785600
519,599,4.0,1385424000
365,728,5.0,1376352000
366,754,4.0,1377734400
42,740,5.0,1374624000
913,421,5.0,1352937600
918,506,5.0,1358985600
171,576,5.0,1386806400
493,141,4.0,1320883200
917,550,4.0,1374019200
728,826,4.0,1389657600
729,322,4.0,1335398400
437,594,5.0,1383523200
450,189,5.0,1317859200
379,304,4.0,1351900800
792,345,5.0,1332633600
575,832,2.0,1397692800
26,705,5.0,1385164800
520,126,4.0,1290038400
767,233,4.0,1317168000
842,809,4.0,1402876800
355,823,5.0,1393718400
905,705,4.0,1385337600
513,557,3.0,1366243200
417,272,5.0,1345420800
530,787,5.0,1398297600
31,674,5.0,1372896000
173,750,5.0,1372291200
581,536,4.0,1363737600
144,772,5.0,1385164800
584,711,4.0,1386547200
84,392,4.0,1348617600
712,92,5.0,1279670400
24,496,2.0,1393286400
129,161,5.0,1338422400
163,675,5.0,1373932800
37,176,5.0,1311120000
21,712,4.0,1384646400
227,325,5.0,1350518400
423,302,4.0,1348012800
207,596,5.0,1383955200
740,117,4.0,1315526400
141,153,3.0,1317168000
140,54,1.0,1343865600
780,695,5.0,1376438400
106,324,5.0,1353542400
365,631,5.0,1378684800
190,191,4.0,1316044800
679,705,4.0,1385251200
390,639,4.0,1388361600
109,39,3.0,1228003200
586,549,4.0,1363824000
348,817,5.0,1397606400
348,760,5.0,1381968000
777,704,5.0,1379462400
135,25,4.0,1354492800
674,531,5.0,1375056000
467,689,5.0,1377043200
772,241,5.0,1325548800
630,830,3.0,1394668800
170,724,4.0,1378166400
45,190,5.0,1387411200
910,499,4.0,1360800000
767,134,4.0,1314230400
11,826,5.0,1392076800
416,783,2.0,1377734400
268,476,5.0,1344038400
496,550,5.0,1376352000
430,777,5.0,1400112000
891,642,2.0,1375142400
435,357,5.0,1348617600
44,268,3.0,1319587200
696,179,4.0,1315958400
363,299,4.0,1350518400
420,324,4.0,1349740800
386,25,5.0,1348704000
632,236,3.0,1328832000
139,857,3.0,1395792000
295,792,4.0,1402963200
444,94,5.0,1292457600
900,725,3.0,1378166400
737,539,5.0,1384992000
224,337,5.0,1338854400
192,699,3.0,1384992000
881,181,5.0,1355184000
860,487,4.0,1343692800
256,526,5.0,1351728000
818,647,1.0,1368662400
223,248,5.0,1349222400
737,81,5.0,1291334400
31,176,4.0,1308528000
11,372,4.0,1385510400
618,517,3.0,1363824000
445,477,5.0,1351382400
800,114,4.0,1319155200
237,75,1.0,1395878400
837,383,4.0,1348012800
631,571,4.0,1378252800
317,432,5.0,1351382400
611,531,5.0,1373932800
80,504,5.0,1380585600
268,125,4.0,1290038400
350,454,4.0,1344556800
329,666,5.0,1377475200
232,547,4.0,1383004800
566,841,4.0,1404864000
3,475,3.0,1346544000
887,571,3.0,1376697600
64,224,4.0,1313712000
462,768,5.0,1383004800
417,772,5.0,1384214400
805,258,5.0,1340064000
16,151,5.0,1316649600
745,85,4.0,1313884800
279,531,3.0,1373414400
669,710,3.0,1384387200
485,643,5.0,1385856000
215,797,4.0,1401321600
53,685,4.0,1375660800
275,17,5.0,1345593600
46,275,4.0,1405036800
377,541,4.0,1377216000
312,62,5.0,1385424000
268,21,3.0,1337126400
11,685,5.0,1374278400
20,812,4.0,1398729600
338,85,5.0,1283558400
457,855,4.0,1391385600
159,134,4.0,1314230400
262,542,4.0,1361145600
373,441,4.0,1359590400
787,685,5.0,1372723200
797,701,4.0,1377820800
77,519,4.0,1364342400
41,190,5.0,1384214400
9,468,4.0,1363737600
104,89,5.0,1285027200
216,310,5.0,1341792000
191,605,5.0,1387411200
589,436,3.0,1358380800
140,98,1.0,1290988800
506,127,4.0,1326240000
44,326,4.0,1358899200
435,829,5.0,1395878400
782,344,5.0,1384992000
213,451,3.0,1343520000
122,431,4.0,1346457600
667,741,4.0,1383782400
677,450,4.0,1345507200
689,719,3.0,1379894400
805,434,4.0,1364342400
296,369,4.0,1348704000
208,206,4.0,1317168000
696,843,4.0,1393891200
535,395,2.0,1365465600
853,618,4.0,1382572800
696,389,2.0,1349740800
111,74,4.0,1285027200
87,752,4.0,1376611200
892,266,2.0,1322352000
668,563,4.0,1379721600
158,152,5.0,1392595200
857,607,5.0,1380326400
683,226,4.0,1314403200
264,14,5.0,1350172800
457,634,5.0,1382659200
481,465,5.0,1377648000
250,361,3.0,1349654400
192,684,5.0,1379548800
260,809,4.0,1403136000
722,75,4.0,1282089600
151,563,4.0,1379548800
498,227,5.0,1317168000
35,655,4.0,1385596800
238,355,5.0,1344988800
398,661,3.0,1373673600
268,855,5.0,1389571200
514,270,4.0,1353369600
386,139,5.0,1317772800
376,622,5.0,1380326400
639,817,4.0,1397347200
546,705,1.0,1383004800
151,354,5.0,1341532800
867,835,3.0,1393632000
174,325,5.0,1368576000
640,556,5.0,1384819200
714,323,5.0,1337644800
118,44,4.0,1224720000
740,792,5.0,1400371200
9,120,5.0,1316563200
780,692,4.0,1383350400
761,101,2.0,1287360000
129,506,5.0,1360713600
212,10,4.0,1196812800
801,381,4.0,1349308800
61,810,4.0,1399248000
818,316,4.0,1338076800
365,411,5.0,1349568000
512,295,5.0,1331251200
322,280,4.0,1331769600
121,312,4.0,1352764800
501,39,3.0,1229990400
685,800,4.0,1398988800
114,361,5.0,1357948800
534,378,5.0,1365206400
516,625,5.0,1381881600
428,623,5.0,1383436800
51,134,4.0,1321228800
816,720,4.0,1373673600
17,57,4.0,1263168000
326,550,4.0,1374451200
649,265,3.0,1353024000
200,643,5.0,1392768000
580,388,4.0,1351382400
317,272,4.0,1348099200
419,781,4.0,1377648000
275,135,5.0,1351036800
379,263,4.0,1317513600
104,853,5.0,1401321600
586,580,4.0,1384214400
516,653,5.0,1385596800
711,72,4.0,1285632000
697,68,5.0,1281052800
14,704,5.0,1377561600
606,345,4.0,1332720000
162,50,4.0,1365292800
114,403,5.0,1365292800
31,465,5.0,1378080000
784,371,5.0,1384992000
819,718,5.0,1372809600
401,483,5.0,1347753600
60,593,4.0,1380499200
618,117,2.0,1329609600
453,754,5.0,1383782400
516,418,3.0,1347494400
466,657,4.0,1379980800
751,587,2.0,1388361600
557,837,4.0,1396915200
500,39,5.0,1227571200
333,630,4.0,1380672000
405,57,5.0,1262908800
66,747,3.0,1377993600
762,648,5.0,1384387200
338,172,4.0,1317600000
437,30,5.0,1352332800
317,215,4.0,1314921600
149,465,5.0,1345507200
753,574,3.0,1380067200
374,635,5.0,1373673600
45,769,5.0,1384905600
682,594,4.0,1382227200
21,832,3.0,1402531200
892,477,5.0,1348704000
21,481,3.0,1355356800
17,0,5.0,1357603200
782,750,5.0,1376524800
334,694,5.0,1380412800
481,113,5.0,1314748800
165,315,4.0,1337904000
172,513,4.0,1361145600
320,706,5.0,1375747200
65,142,3.0,1321056000
38,385,3.0,1350864000
865,321,3.0,1341100800
558,254,5.0,1322870400
256,142,3.0,1322611200
397,381,5.0,1348790400
754,102,5.0,1291593600
839,207,4.0,1312416000
238,235,5.0,1385424000
258,280,5.0,1325462400
156,87,5.0,1278633600
147,19,5.0,1339718400
425,628,5.0,1384905600
795,318,4.0,1342224000
21,613,4.0,1384819200
134,6,5.0,1350864000
713,816,3.0,1398902400
669,698,4.0,1385769600
824,381,4.0,1352505600
693,821,4.0,1389744000
723,143,2.0,1320883200
664,636,4.0,1381536000
161,312,4.0,1349049600
14,772,3.0,1384300800
753,573,5.0,1383004800
827,406,2.0,1349395200
149,721,5.0,1376265600
133,458,4.0,1343779200
574,650,5.0,1371772800
759,378,1.0,1348704000
473,133,4.0,1319587200
419,263,2.0,1346198400
780,163,4.0,1317168000
151,372,5.0,1383782400
473,275,5.0,1403740800
374,494,4.0,1353715200
645,71,4.0,1291248000
154,337,4.0,1354060800
318,135,4.0,1350172800
792,541,5.0,1371772800
474,531,3.0,1376697600
594,148,5.0,1356566400
185,319,5.0,1343174400
885,193,5.0,1319673600
256,393,5.0,1402012800
114,42,5.0,1227571200
761,434,3.0,1363824000
708,318,5.0,1341619200
571,370,5.0,1348099200
313,72,4.0,1286323200
123,747,4.0,1384905600
639,787,3.0,1402099200
371,685,5.0,1372982400
687,305,5.0,1348099200
558,408,1.0,1352678400
131,647,4.0,1367193600
349,300,4.0,1350691200
161,548,5.0,1369008000
317,18,5.0,1322179200
82,2,3.0,1354320000
582,697,5.0,1387411200
203,842,3.0,1398038400
8,376,3.0,1348012800
450,30,5.0,1224201600
440,65,5.0,1283558400
762,699,5.0,1382832000
65,487,4.0,1344556800
585,707,4.0,1381536000
710,71,4.0,1280188800
299,471,4.0,1364947200
151,613,5.0,1384819200
688,704,4.0,1381881600
30,66,3.0,1288828800
477,36,5.0,1381104000
113,319,3.0,1341705600
358,835,3.0,1393372800
515,166,4.0,1316908800
275,631,5.0,1382054400
114,57,3.0,1261699200
362,245,4.0,1326672000
849,147,5.0,1364169600
395,336,5.0,1351123200
661,58,5.0,1382486400
844,166,4.0,1317081600
777,562,3.0,1392854400
685,570,4.0,1363651200
321,298,2.0,1352851200
186,641,2.0,1375142400
567,826,5.0,1390435200
651,101,4.0,1282780800
577,802,3.0,1401408000
77,294,5.0,1331769600
130,124,2.0,1317168000
244,224,3.0,1312156800
653,443,5.0,1356825600
154,793,4.0,1385942400
855,489,4.0,1345161600
703,155,4.0,1336953600
551,153,3.0,1320451200
246,414,4.0,1343692800
42,667,5.0,1374796800
560,558,5.0,1385856000
120,5,3.0,1290384000
550,69,1.0,1387756800
362,853,5.0,1401580800
602,797,5.0,1400716800
144,62,4.0,1384387200
299,51,5.0,1354233600
494,131,5.0,1389830400
321,678,2.0,1373846400
788,249,5.0,1343174400
551,750,5.0,1375747200
661,62,5.0,1382486400
785,245,4.0,1314576000
781,441,4.0,1365638400
311,333,5.0,1352937600
355,151,4.0,1316217600
722,102,4.0,1290384000
110,586,5.0,1374019200
816,730,4.0,1375920000
429,139,4.0,1321660800
356,819,4.0,1394496000
205,708,1.0,1375833600
836,810,4.0,1403136000
738,678,2.0,1374451200
18,155,5.0,1342656000
591,488,5.0,1352246400
850,658,3.0,1384041600
655,552,4.0,1384300800
816,622,4.0,1374796800
792,761,5.0,1383350400
379,302,4.0,1345507200
117,584,4.0,1375660800
534,87,4.0,1291852800
391,634,4.0,1385683200
841,548,5.0,1370649600
42,266,5.0,1322784000
192,327,5.0,1348012800
692,787,4.0,1402876800
169,37,4.0,1382140800
566,446,3.0,1355961600
209,833,5.0,1399852800
648,739,4.0,1380672000
612,53,5.0,1349308800
898,705,4.0,1382572800
95,794,3.0,1387929600
107,747,3.0,1382659200
564,434,4.0,1345507200
877,226,3.0,1314144000
518,684,5.0,1377388800
812,118,3.0,1345680000
270,797,5.0,1402963200
741,400,3.0,1357948800
313,466,4.0,1365984000
356,396,5.0,1349136000
138,258,5.0,1335571200
601,52,5.0,1356480000
516,666,1.0,1378598400
506,781,3.0,1378857600
305,245,3.0,1315612800
872,275,5.0,1404691200
196,470,4.0,1362528000
259,756,3.0,1377129600
216,615,3.0,1396915200
281,15,5.0,1337817600
321,695,5.0,1376265600
212,32,4.0,1353369600
848,766,5.0,1385078400
329,504,5.0,1384646400
372,648,3.0,1392854400
542,330,4.0,1365379200
578,656,4.0,1379203200
631,635,4.0,1375228800
775,465,5.0,1345680000
349,290,3.0,1331683200
478,780,5.0,1380326400
817,512,5.0,1383609600
120,517,4.0,1365811200
49,595,4.0,1377388800
731,445,4.0,1354060800
882,299,4.0,1351036800
436,467,4.0,1372896000
672,483,5.0,1345507200
291,844,4.0,1395273600
467,491,5.0,1351900800
488,237,4.0,1364688000
202,636,4.0,1379376000
542,588,4.0,1378252800
606,492,4.0,1356912000
371,571,4.0,1375228800
693,447,3.0,1356566400
222,462,4.0,1350000000
162,625,5.0,1382745600
259,474,4.0,1350518400
758,390,3.0,1351296000
37,829,5.0,1400112000
448,831,4.0,1395273600
901,643,3.0,1384214400
195,544,2.0,1378771200
731,429,2.0,1344902400
668,706,5.0,1375574400
181,847,3.0,1397260800
243,819,3.0,1395273600
738,668,4.0,1375920000
782,788,4.0,1403136000
348,356,4.0,1348012800
595,366,5.0,1343347200
805,750,5.0,1373846400
628,292,4.0,1330473600
364,169,5.0,1317513600
11,190,5.0,1385683200
302,50,3.0,1340841600
42,403,4.0,1348531200
149,420,5.0,1350950400
199,345,4.0,1331769600
193,159,5.0,1344902400
696,509,4.0,1360195200
90,542,3.0,1359849600
113,57,5.0,1261612800
770,606,3.0,1372723200
794,288,4.0,1347753600
333,210,5.0,1316995200
714,401,5.0,1353196800
813,544,4.0,1376524800
45,655,5.0,1387411200
162,49,4.0,1294617600
234,641,4.0,1374710400
393,454,2.0,1344297600
326,695,4.0,1376870400
432,65,5.0,1288224000
479,296,5.0,1345075200
329,540,5.0,1386201600
196,468,4.0,1362528000
6,139,4.0,1319068800
902,253,5.0,1337817600
243,467,4.0,1374105600
344,770,5.0,1379548800
117,47,4.0,1220745600
370,67,4.0,1285286400
919,829,4.0,1400803200
385,719,2.0,1380412800
17,654,3.0,1385251200
478,225,3.0,1314835200
377,800,4.0,1398211200
682,597,4.0,1384560000
665,565,3.0,1377129600
256,28,4.0,1355097600
525,95,5.0,1285804800
707,733,2.0,1377993600
229,285,4.0,1330041600
823,137,5.0,1336953600
217,552,4.0,1386115200
671,60,4.0,1289001600
265,555,4.0,1379548800
222,160,4.0,1337040000
389,25,2.0,1357776000
841,317,5.0,1354060800
133,37,5.0,1384214400
845,698,5.0,1387411200
375,521,5.0,1362960000
625,146,5.0,1380758400
776,285,3.0,1331683200
7,264,3.0,1322092800
393,835,3.0,1397692800
649,343,5.0,1353369600
564,779,4.0,1386547200
149,62,5.0,1383177600
400,631,4.0,1379548800
112,115,2.0,1327881600
817,791,4.0,1403481600
192,20,5.0,1342656000
855,604,5.0,1384992000
151,318,4.0,1338681600
159,634,5.0,1384560000
868,825,4.0,1389398400
9,494,4.0,1355097600
126,391,5.0,1351468800
380,754,4.0,1382745600
235,633,5.0,1382918400
782,831,2.0,1397692800
18,319,3.0,1337126400
388,818,5.0,1405468800
333,686,5.0,1372809600
509,547,3.0,1387238400
78,309,5.0,1350604800
256,415,5.0,1351468800
252,174,4.0,1314230400
820,565,5.0,1375142400
379,455,3.0,1341446400
110,542,3.0,1366761600
161,265,4.0,1351555200
181,8,4.0,1356566400
355,226,3.0,1316822400
443,266,4.0,1325203200
842,769,5.0,1384300800
631,54,1.0,1338768000
140,389,4.0,1350172800
288,331,5.0,1344816000
378,862,4.0,1404604800
224,697,5.0,1382832000
329,291,4.0,1332806400
510,797,4.0,1401494400
807,283,3.0,1357603200
139,50,4.0,1338595200
658,240,4.0,1318118400
144,140,4.0,1342137600
584,652,2.0,1386720000
323,477,4.0,1350518400
102,3,3.0,1288224000
820,245,4.0,1315440000
399,139,4.0,1319760000
327,601,4.0,1383004800
177,707,2.0,1382054400
864,489,2.0,1362009600
555,844,4.0,1393977600
631,784,4.0,1385251200
548,833,4.0,1397692800
399,238,4.0,1384992000
174,157,5.0,1356825600
534,138,4.0,1353369600
154,188,4.0,1356393600
23,249,5.0,1342742400
550,842,5.0,1393459200
75,475,4.0,1350518400
698,741,4.0,1388448000
298,843,4.0,1396656000
801,847,2.0,1388966400
435,330,5.0,1350432000
269,456,3.0,1352937600
417,675,4.0,1372723200
485,349,2.0,1372291200
701,790,4.0,1403049600
588,106,5.0,1290988800
361,278,4.0,1402012800
94,45,5.0,1322352000
474,532,3.0,1376697600
820,233,5.0,1317859200
394,695,5.0,1376438400
722,701,4.0,1381017600
482,129,4.0,1309219200
739,82,2.0,1288137600
182,420,5.0,1351900800
266,724,4.0,1378944000
620,102,5.0,1292457600
281,611,4.0,1389830400
672,597,5.0,1380758400
658,633,3.0,1380153600
45,26,5.0,1388188800
320,132,3.0,1378166400
603,250,3.0,1342483200
26,615,5.0,1395273600
484,709,4.0,1378166400
288,15,5.0,1336867200
262,469,3.0,1366848000
62,103,5.0,1292803200
346,302,3.0,1345680000
339,404,5.0,1351036800
440,288,3.0,1342915200
515,578,5.0,1384473600
204,500,3.0,1365379200
2,0,5.0,1355875200
673,328,5.0,1350345600
615,750,5.0,1375401600
463,34,5.0,1316736000
693,783,3.0,1381276800
122,11,5.0,1358380800
717,88,5.0,1387497600
11,739,4.0,1385769600
751,417,4.0,1343952000
646,180,4.0,1314230400
600,202,4.0,1314057600
130,268,3.0,1317168000
75,598,4.0,1387238400
750,177,4.0,1337212800
640,598,3.0,1380844800
293,309,5.0,1342656000
161,612,5.0,1389312000
228,580,4.0,1386806400
549,748,2.0,1379894400
353,273,5.0,1356480000
478,128,2.0,1317254400
257,642,5.0,1373328000
182,310,4.0,1342656000
831,398,5.0,1343174400
422,587,5.0,1382400000
322,303,4.0,1344988800
338,452,4.0,1346803200
688,769,4.0,1387411200
900,670,3.0,1376524800
81,252,3.0,1315526400
374,700,5.0,1382486400
38,719,3.0,1377561600
409,680,4.0,1375747200
435,817,4.0,1395878400
365,103,5.0,1291075200
144,44,4.0,1222560000
39,504,5.0,1385856000
203,535,4.0,1384387200
154,230,1.0,1321920000
8,382,5.0,1348012800
809,721,4.0,1377648000
688,251,4.0,1321228800
3,805,5.0,1403481600
444,346,5.0,1353024000
726,667,5.0,1379462400
393,854,4.0,1396569600
799,421,5.0,1352246400
51,847,2.0,1395964800
679,389,3.0,1349222400
201,30,4.0,1351036800
382,267,3.0,1325030400
784,866,5.0,1405900800
462,96,5.0,1348704000
470,254,4.0,1323734400
146,7,5.0,1384128000
753,96,3.0,1350432000
174,826,5.0,1393891200
325,333,5.0,1350259200
785,772,5.0,1384214400
583,468,5.0,1363824000
45,700,1.0,1387065600
49,317,4.0,1338595200
769,137,5.0,1335744000
412,799,4.0,1399939200
204,502,3.0,1390521600
246,465,5.0,1377648000
767,274,3.0,1343088000
244,95,5.0,1288915200
880,634,5.0,1384041600
141,637,5.0,1372723200
237,500,4.0,1364169600
388,267,5.0,1322352000
648,208,5.0,1319673600
278,685,5.0,1375056000
349,467,4.0,1372809600
3,413,4.0,1341014400
631,339,4.0,1339804800
894,407,5.0,1350432000
841,443,5.0,1365292800
411,29,3.0,1377129600
45,750,5.0,1376438400
164,610,3.0,1404518400
8,460,4.0,1344902400
467,377,4.0,1344470400
416,604,5.0,1380499200
423,68,3.0,1280534400
841,787,5.0,1400544000
856,153,4.0,1319846400
444,212,4.0,1317513600
434,768,4.0,1385510400
367,539,5.0,1384214400
246,767,5.0,1397692800
889,739,3.0,1384992000
635,209,5.0,1323302400
364,225,4.0,1315526400
536,569,4.0,1374019200
756,351,5.0,1359072000
593,761,4.0,1383091200
84,439,5.0,1372291200
585,270,3.0,1352851200
489,193,3.0,1326844800
310,300,4.0,1353369600
235,362,4.0,1385337600
338,65,3.0,1350604800
539,213,3.0,1318032000
402,28,4.0,1366243200
636,608,5.0,1385856000
401,814,5.0,1398211200
16,440,4.0,1393459200
200,617,5.0,1379894400
601,844,5.0,1397347200
185,431,4.0,1345593600
151,771,4.0,1382486400
429,606,4.0,1374710400
247,121,4.0,1317081600
671,309,5.0,1345075200
66,392,3.0,1349568000
880,316,4.0,1337817600
71,369,5.0,1348099200
195,781,3.0,1377561600
166,8,3.0,1367107200
58,119,3.0,1315440000
89,588,4.0,1377561600
109,723,5.0,1381795200
408,230,5.0,1316563200
441,298,3.0,1331424000
357,316,5.0,1362614400
113,740,5.0,1376352000
794,376,4.0,1345593600
320,19,5.0,1339977600
340,425,4.0,1357344000
442,112,4.0,1348790400
310,17,4.0,1344384000
283,601,5.0,1384473600
796,371,4.0,1385078400
159,421,4.0,1352332800
107,223,2.0,1316044800
548,164,2.0,1340236800
744,121,4.0,1318464000
861,812,1.0,1401753600
274,506,4.0,1358985600
667,265,5.0,1350864000
190,260,5.0,1326412800
169,552,3.0,1383177600
401,95,1.0,1334793600
61,641,4.0,1372723200
155,750,5.0,1376352000
140,858,5.0,1398988800
44,809,4.0,1403136000
419,48,5.0,1376524800
486,615,4.0,1393459200
139,150,5.0,1341187200
170,646,4.0,1369699200
689,809,3.0,1400198400
37,44,2.0,1227052800
6,144,3.0,1316649600
392,645,5.0,1381881600
55,1,4.0,1324857600
33,484,4.0,1347753600
888,334,5.0,1342396800
876,465,5.0,1380758400
524,261,5.0,1320278400
61,862,4.0,1404604800
588,324,5.0,1363910400
87,44,3.0,1224028800
51,235,4.0,1384128000
388,686,4.0,1373500800
92,810,5.0,1399680000
77,573,5.0,1386806400
814,149,5.0,1341273600
756,87,5.0,1365120000
357,572,5.0,1381968000
467,41,5.0,1353283200
246,436,2.0,1343692800
365,254,5.0,1322006400
641,787,5.0,1399420800
277,320,5.0,1350518400
268,50,4.0,1340150400
53,542,2.0,1365811200
96,358,5.0,1353715200
690,452,4.0,1352073600
516,344,5.0,1381881600
508,591,3.0,1387324800
256,189,4.0,1317859200
162,502,4.0,1384905600
778,106,2.0,1290988800
531,698,5.0,1387238400
707,322,4.0,1340755200
903,839,4.0,1397692800
749,289,4.0,1337212800
529,605,5.0,1387324800
217,11,4.0,1348444800
597,837,4.0,1397001600
306,448,4.0,1349568000
482,854,4.0,1396915200
599,491,5.0,1351641600
194,807,3.0,1398470400
219,160,5.0,1337212800
701,741,4.0,1386374400
351,735,4.0,1379462400
80,546,3.0,1380585600
375,23,3.0,1357084800
503,523,4.0,1359244800
110,62,5.0,1385510400
323,816,3.0,1400112000
81,263,4.0,1318723200
129,266,1.0,1323388800
912,652,1.0,1382832000
571,179,4.0,1315526400
795,155,5.0,1335484800
536,610,5.0,1405900800
282,780,4.0,1382227200
176,45,5.0,1316649600
31,313,5.0,1338336000
546,45,3.0,1317081600
190,112,5.0,1348790400
59,62,5.0,1382918400
235,335,5.0,1335312000
278,509,2.0,1360800000
706,70,5.0,1315785600
434,464,5.0,1344902400
326,253,4.0,1345248000
381,709,4.0,1375401600
258,194,4.0,1314144000
733,529,1.0,1382918400
189,346,5.0,1353369600
216,307,2.0,1351468800
733,287,4.0,1340841600
665,348,4.0,1374105600
354,819,5.0,1397520000
583,655,5.0,1384905600
311,45,5.0,1319068800
820,600,5.0,1385078400
295,65,3.0,1356652800
685,433,3.0,1348272000
619,380,4.0,1350259200
171,89,4.0,1305590400
334,777,5.0,1396310400
39,747,3.0,1386374400
600,691,4.0,1384473600
894,220,5.0,1323561600
211,10,2.0,1230768000
268,819,5.0,1394236800
685,857,4.0,1397347200
461,238,5.0,1380412800
190,769,4.0,1384646400
357,174,4.0,1318291200
515,826,5.0,1392508800
122,134,5.0,1315008000
730,773,4.0,1382572800
413,129,5.0,1309219200
679,724,5.0,1379462400
784,527,2.0,1363824000
362,714,3.0,1378684800
700,371,4.0,1379894400
917,419,4.0,1352851200
142,612,5.0,1389830400
859,753,3.0,1377129600
255,702,3.0,1379721600
347,430,4.0,1343174400
127,496,3.0,1392854400
350,364,5.0,1387756800
753,748,4.0,1383436800
862,574,4.0,1379548800
355,846,3.0,1394236800
889,783,3.0,1381968000
864,486,4.0,1350518400
425,335,3.0,1337212800
824,729,3.0,1378598400
151,531,5.0,1374883200
302,507,5.0,1358899200
291,810,5.0,1399507200
180,779,4.0,1388361600
185,161,5.0,1362009600
174,695,5.0,1379203200
343,21,4.0,1342656000
662,846,2.0,1393027200
342,483,5.0,1347148800
729,554,5.0,1382572800
731,704,5.0,1381622400
26,75,5.0,1290384000
350,77,4.0,1282348800
313,187,4.0,1314230400
447,740,4.0,1396137600
604,638,5.0,1379030400
405,565,4.0,1373328000
274,508,4.0,1362009600
89,610,4.0,1404086400
705,851,3.0,1403481600
201,42,4.0,1231027200
759,842,5.0,1393977600
227,375,4.0,1348099200
245,586,5.0,1374105600
233,832,3.0,1399248000
671,361,4.0,1350604800
616,244,2.0,1322438400
313,516,4.0,1361923200
295,241,4.0,1323043200
792,230,4.0,1317168000
15,0,4.0,1353542400
682,857,4.0,1396483200
575,465,4.0,1381968000
379,810,4.0,1399248000
4,321,3.0,1353715200
373,690,5.0,1380672000
114,173,4.0,1309305600
117,282,5.0,1329955200
726,520,4.0,1368662400
0,502,3.0,1383609600
399,271,3.0,1364428800
573,193,5.0,1331596800
675,60,4.0,1291334400
731,613,5.0,1381881600
380,705,3.0,1383523200
243,496,3.0,1392336000
130,433,4.0,1359072000
286,102,4.0,1296086400
849,270,4.0,1354838400
617,581,3.0,1386806400
219,223,1.0,1315094400
580,169,4.0,1318896000
348,664,2.0,1376438400
496,591,3.0,1386806400
531,479,4.0,1344643200
577,450,4.0,1350259200
435,584,4.0,1377043200
528,865,4.0,1405382400
146,131,4.0,1386460800
609,801,5.0,1386633600
546,822,3.0,1397606400
641,625,5.0,1380585600
319,444,5.0,1348099200
87,2,5.0,1355270400
540,44,4.0,1222128000
159,84,3.0,1352419200
123,702,4.0,1383782400
545,806,5.0,1401235200
11,711,4.0,1385424000
246,601,5.0,1384214400
128,526,5.0,1351728000
577,467,4.0,1374019200
528,242,5.0,1320624000
328,47,4.0,1220227200
597,51,5.0,1359849600
337,290,4.0,1367798400
916,668,5.0,1377043200
845,190,4.0,1387411200
247,13,3.0,1312243200
200,9,4.0,1382745600
92,739,4.0,1384732800
553,768,5.0,1384992000
20,534,2.0,1380931200
693,482,4.0,1348617600
732,80,4.0,1348704000
82,607,3.0,1381968000
560,710,2.0,1385856000
26,189,4.0,1335225600
23,690,5.0,1382313600
287,234,4.0,1317254400
273,268,4.0,1314057600
370,646,4.0,1370304000
543,785,4.0,1389744000
750,792,5.0,1403136000
212,784,3.0,1387152000
861,371,5.0,1386288000
300,482,4.0,1348704000
352,446,5.0,1349827200
437,849,5.0,1393286400
465,34,4.0,1316649600
149,667,5.0,1377561600
286,497,1.0,1357171200
539,785,5.0,1390435200
456,127,3.0,1319414400
299,188,5.0,1351036800
881,843,5.0,1392595200
300,331,5.0,1345420800
160,752,4.0,1376092800
886,198,5.0,1316563200
575,50,4.0,1340496000
146,858,4.0,1397001600
677,811,4.0,1403136000
0,608,4.0,1386374400
454,36,4.0,1381795200
884,192,2.0,1315785600
577,526,4.0,1354579200
287,44,5.0,1222128000
306,494,3.0,1354147200
138,201,4.0,1314230400
323,19,5.0,1338422400
664,590,3.0,1383782400
399,342,4.0,1356048000
409,303,3.0,1345075200
788,502,3.0,1390435200
139,860,5.0,1404259200
284,15,5.0,1336521600
26,547,5.0,1385251200
326,59,2.0,1356393600
378,391,5.0,1352505600
731,705,4.0,1387152000
120,424,5.0,1359590400
265,202,5.0,1314144000
741,549,5.0,1362441600
161,368,3.0,1350864000
25,128,4.0,1316649600
189,566,4.0,1376524800
613,855,4.0,1390089600
402,653,4.0,1377475200
403,431,4.0,1346025600
214,316,5.0,1341100800
191,720,4.0,1375574400
227,696,2.0,1379548800
324,556,4.0,1387238400
376,23,4.0,1363651200
278,700,5.0,1380585600
629,656,4.0,1378080000
741,82,3.0,1290816000
497,591,5.0,1382140800
545,805,5.0,1398297600
30,340,4.0,1359417600
133,6,4.0,1349740800
436,463,3.0,1351987200
408,708,1.0,1377129600
8,324,5.0,1355529600
850,657,4.0,1377475200
70,7,5.0,1068940800
690,492,4.0,1348099200
72,39,4.0,1227657600
138,281,4.0,1329868800
445,214,3.0,1367280000
568,240,5.0,1317340800
378,841,3.0,1404259200
81,855,4.0,1391558400
253,681,3.0,1396828800
559,50,3.0,1339632000
803,251,4.0,1318291200
23,0,5.0,1354492800
390,449,4.0,1350518400
505,122,4.0,1303084800
776,111,4.0,1402876800
620,776,5.0,1392854400
806,162,4.0,1317081600
708,264,2.0,1317340800
912,646,5.0,1370563200
399,394,3.0,1350518400
621,409,2.0,1351728000
434,802,5.0,1403136000
544,268,5.0,1387670400
416,292,5.0,1330041600
390,681,5.0,1399420800
583,698,3.0,1384905600
565,817,4.0,1397606400
577,517,4.0,1365552000
279,50,3.0,1341792000
639,684,4.0,1379462400
4,433,5.0,1352851200
12,702,4.0,1387411200
208,222,4.0,1318896000
563,313,5.0,1341360000
719,311,4.0,1352678400
295,123,4.0,1354147200
41,867,4.0,1404345600
780,565,4.0,1372896000
806,868,4.0,1405900800
773,270,2.0,1353369600
665,330,4.0,1351900800
41,573,5.0,1383436800
338,97,4.0,1288051200
580,50,5.0,1339632000
707,71,4.0,1279756800
425,44,5.0,1222387200
121,809,2.0,1398297600
764,332,4.0,1340236800
124,367,1.0,1350432000
714,776,4.0,1389830400
305,464,4.0,1365292800
86,736,4.0,1384128000
343,106,2.0,1295481600
882,515,4.0,1360454400
351,371,4.0,1385942400
120,840,3.0,1405814400
277,31,4.0,1350518400
134,575,5.0,1385942400
273,38,5.0,1156636800
280,637,5.0,1373414400
198,326,4.0,1354147200
560,190,5.0,1387324800
865,651,5.0,1389830400
162,710,2.0,1382745600
358,123,4.0,1317168000
573,716,5.0,1382140800
311,134,5.0,1315008000
585,824,2.0,1403568000
767,816,4.0,1403740800
19,353,5.0,1350518400
260,314,5.0,1383696000
836,279,4.0,1350432000
516,167,5.0,1321920000
436,777,4.0,1398384000
718,727,3.0,1384214400
187,392,1.0,1352937600
489,377,3.0,1344902400
3,448,3.0,1349136000
497,433,5.0,1365120000
724,661,4.0,1374710400
92,76,4.0,1281225600
318,450,4.0,1346025600
242,453,4.0,1345075200
354,706,4.0,1379376000
813,633,4.0,1378684800
588,51,5.0,1354665600
688,697,4.0,1387411200
885,761,5.0,1383955200
763,582,5.0,1383004800
287,268,5.0,1314230400
823,188,4.0,1355788800
108,396,5.0,1363824000
342,338,4.0,1343088000
64,748,4.0,1379203200
888,427,3.0,1347321600
223,181,5.0,1353369600
329,420,5.0,1351728000
214,69,5.0,1321920000
379,710,3.0,1383436800
126,132,3.0,1380067200
347,76,5.0,1282003200
549,341,4.0,1366070400
149,362,3.0,1377820800
454,184,4.0,1307750400
341,129,4.0,1309564800
901,724,3.0,1378166400
575,127,4.0,1318982400
205,509,2.0,1361404800
14,52,4.0,1350518400
824,835,4.0,1396224000
281,58,5.0,1385596800
480,694,3.0,1381968000
323,686,2.0,1374105600
101,194,2.0,1325721600
27,68,4.0,1279756800
291,809,5.0,1399507200
729,667,4.0,1376870400
70,553,4.0,1385942400
72,775,3.0,1395100800
456,32,4.0,1361404800
604,664,5.0,1374019200
163,112,5.0,1353888000
502,262,4.0,1318982400
462,761,5.0,1383264000
149,301,5.0,1346457600
463,733,5.0,1377388800
232,155,3.0,1336348800
496,178,5.0,1311206400
538,846,1.0,1394841600
596,71,4.0,1282176000
303,849,3.0,1393459200
734,804,4.0,1400025600
591,718,5.0,1375660800
421,820,5.0,1390953600
776,399,4.0,1347926400
197,850,4.0,1404086400
636,807,5.0,1398470400
874,694,4.0,1381881600
151,19,5.0,1338681600
200,667,5.0,1379462400
133,420,4.0,1353283200
47,697,5.0,1383091200
616,687,4.0,1373155200
804,800,4.0,1399593600
371,338,4.0,1341360000
539,47,4.0,1220227200
341,278,5.0,1403136000
387,808,3.0,1398038400
217,25,4.0,1357430400
115,483,5.0,1348617600
803,239,5.0,1314057600
213,518,5.0,1363392000
375,35,4.0,1316649600
470,270,4.0,1358294400
211,291,3.0,1337212800
488,359,2.0,1382313600
128,833,5.0,1394668800
310,467,5.0,1372982400
653,649,3.0,1382918400
519,204,4.0,1319068800
67,116,4.0,1315872000
828,229,4.0,1317427200
655,295,4.0,1332720000
809,622,5.0,1375142400
478,340,5.0,1355097600
384,659,5.0,1385942400
14,802,2.0,1403049600
567,95,5.0,1298160000
709,565,4.0,1372636800
354,687,2.0,1375747200
537,344,5.0,1383696000
872,295,4.0,1350518400
484,802,4.0,1400803200
11,647,4.0,1367712000
600,660,5.0,1383004800
417,172,5.0,1316476800
418,78,3.0,1282262400
11,547,2.0,1384387200
255,364,4.0,1383004800
121,487,5.0,1343260800
150,827,4.0,1394841600
789,709,3.0,1375228800
12,712,4.0,1387411200
865,447,4.0,1351641600
516,697,5.0,1386374400
541,658,2.0,1387324800
42,709,4.0,1375315200
571,639,5.0,1387929600
121,619,2.0,1383264000
495,382,5.0,1348012800
801,501,5.0,1358899200
197,133,5.0,1321833600
311,311,5.0,1340150400
32,0,4.0,1358467200
858,734,3.0,1384992000
405,59,5.0,1327622400
880,754,3.0,1381968000
204,372,5.0,1383696000
193,569,3.0,1372896000
603,52,4.0,1349568000
489,380,4.0,1350432000
615,720,5.0,1372204800
223,786,5.0,1392854400
237,303,3.0,1343865600
913,451,3.0,1345075200
220,533,4.0,1371600000
475,704,5.0,1379289600
110,8,4.0,1366848000
423,57,5.0,1261440000
888,356,3.0,1344211200
534,207,4.0,1311811200
649,726,5.0,1375574400
286,464,5.0,1348099200
717,754,5.0,1385510400
200,558,5.0,1386201600
328,239,5.0,1314144000
551,421,5.0,1356566400
296,137,4.0,1340841600
378,601,5.0,1383004800
773,278,4.0,1401235200
598,703,2.0,1378339200
753,752,5.0,1374278400
3,651,3.0,1388016000
374,647,5.0,1367712000
571,865,4.0,1405555200
513,82,2.0,1300320000
465,454,2.0,1347926400
358,703,4.0,1375833600
89,687,3.0,1373068800
838,568,1.0,1376092800
32,122,2.0,1293408000
354,344,5.0,1384819200
335,684,5.0,1377561600
805,640,5.0,1381968000
775,257,3.0,1356566400
553,94,5.0,1296086400
191,367,3.0,1350432000
504,854,5.0,1394668800
679,593,4.0,1383350400
914,351,5.0,1345593600
712,408,1.0,1358726400
553,718,4.0,1373673600
149,24,5.0,1251849600
259,34,5.0,1316649600
447,93,3.0,1290729600
29,0,4.0,1355875200
214,833,5.0,1397260800
834,335,5.0,1355529600
635,750,5.0,1374796800
568,858,5.0,1396915200
757,417,5.0,1352851200
168,25,5.0,1349136000
720,491,5.0,1352246400
161,693,4.0,1383177600
384,710,3.0,1385164800
414,59,5.0,1352937600
512,118,5.0,1315699200
209,177,3.0,1318118400
629,295,4.0,1330128000
843,370,5.0,1348617600
629,868,5.0,1404345600
399,602,5.0,1387411200
673,429,4.0,1356739200
519,784,3.0,1387238400
6,49,3.0,1291507200
507,487,4.0,1343260800
593,670,4.0,1375228800
314,834,4.0,1397692800
543,319,5.0,1340236800
254,252,2.0,1316649600
18,44,5.0,1222128000
34,498,5.0,1356825600
244,88,4.0,1388102400
170,606,4.0,1372464000
744,823,3.0,1397692800
743,294,3.0,1329868800
329,702,4.0,1382572800
353,701,5.0,1378252800
580,295,5.0,1332028800
705,788,4.0,1398211200
93,208,3.0,1348617600
35,613,5.0,1385596800
330,760,4.0,1381968000
527,821,3.0,1390694400
444,663,4.0,1380153600
574,689,5.0,1380672000
744,147,4.0,1355961600
616,375,4.0,1347235200
501,796,4.0,1404172800
693,581,4.0,1386633600
730,776,5.0,1391040000
737,686,5.0,1376524800
527,464,4.0,1344729600
402,530,4.0,1359072000
801,185,4.0,1306281600
440,123,3.0,1319673600
425,410,4.0,1346025600
406,287,5.0,1333584000
516,60,4.0,1290384000
759,809,5.0,1400112000
56,343,4.0,1355356800
592,51,4.0,1353715200
313,182,4.0,1357344000
520,565,4.0,1383264000
300,57,5.0,1263945600
413,235,4.0,1366416000
399,802,5.0,1401494400
476,673,5.0,1377388800
654,768,4.0,1388361600
396,214,5.0,1362787200
251,484,3.0,1347235200
313,849,4.0,1393718400
342,149,5.0,1344643200
329,712,5.0,1383955200
763,817,5.0,1395619200
188,28,4.0,1355184000
228,58,4.0,1383609600
62,201,5.0,1317168000
211,709,3.0,1376956800
734,496,4.0,1393891200
152,385,5.0,1348704000
66,195,4.0,1321056000
1,176,4.0,1309392000
600,863,4.0,1405900800
481,360,5.0,1349740800
803,667,4.0,1377043200
647,102,4.0,1293062400
737,102,4.0,1293753600
417,63,5.0,1378771200
905,524,2.0,1365120000
779,313,5.0,1338422400
206,668,4.0,1379548800
837,457,4.0,1341964800
141,827,4.0,1392940800
459,42,4.0,1227571200
10,398,3.0,1353888000
804,580,3.0,1381968000
514,103,5.0,1291507200
511,40,4.0,1230336000
521,483,3.0,1347840000
206,444,5.0,1358899200
387,821,5.0,1385769600
140,452,3.0,1346025600
350,203,4.0,1315008000
436,143,2.0,1320364800
877,822,3.0,1396915200
213,95,5.0,1370304000
153,143,1.0,1319846400
114,47,2.0,1219708800
260,833,4.0,1395446400
114,40,3.0,1229212800
864,689,5.0,1377734400
338,426,4.0,1341100800
520,494,4.0,1355961600
650,351,5.0,1388102400
65,239,3.0,1315180800
405,280,1.0,1329696000
625,517,4.0,1363824000
643,574,3.0,1380153600
813,139,4.0,1317168000
321,305,2.0,1355875200
291,486,4.0,1348099200
829,575,4.0,1384819200
122,475,4.0,1346371200
28,500,3.0,1368921600
744,84,5.0,1352937600
269,338,5.0,1343088000
8,850,4.0,1405728000
813,119,4.0,1315440000
584,703,3.0,1378771200
596,209,4.0,1319673600
745,720,5.0,1376524800
118,562,3.0,1390608000
233,546,4.0,1381017600
448,447,5.0,1351036800
166,141,4.0,1329350400
73,617,3.0,1379894400
689,603,3.0,1383091200
445,750,5.0,1375660800
499,773,4.0,1387411200
853,153,4.0,1328745600
516,218,5.0,1348012800
198,115,4.0,1316044800
329,95,5.0,1344038400
543,784,4.0,1387411200
120,862,3.0,1405814400
46,666,3.0,1377475200
351,320,5.0,1349827200
700,283,3.0,1357344000
624,859,4.0,1403654400
27,546,5.0,1375574400
139,317,5.0,1338595200
37,0,5.0,1358294400
41,517,5.0,1362700800
313,300,4.0,1356566400
506,216,4.0,1365206400
285,542,4.0,1368057600
747,376,3.0,1346284800
533,598,3.0,1383091200
22,59,4.0,1354752000
189,782,5.0,1384992000
213,122,5.0,1290038400
339,832,4.0,1396137600
399,509,4.0,1366243200
731,485,4.0,1353974400
6,400,3.0,1351987200
378,555,2.0,1377993600
160,272,5.0,1346889600
837,447,5.0,1349308800
881,822,5.0,1391472000
88,105,4.0,1308182400
751,404,1.0,1356566400
143,7,3.0,1384992000
696,870,5.0,1404604800
45,578,5.0,1388361600
579,295,4.0,1331424000
276,572,3.0,1381017600
598,119,5.0,1314144000
41,25,4.0,1350259200
577,443,4.0,1359936000
517,269,5.0,1335312000
908,783,1.0,1378166400
361,599,3.0,1383264000
329,458,5.0,1343779200
659,158,3.0,1335225600
285,200,4.0,1331596800
91,388,3.0,1349222400
676,718,5.0,1376006400
22,0,5.0,1357171200
9,215,4.0,1314144000
80,314,3.0,1380585600
531,836,4.0,1397606400
234,340,5.0,1357171200
681,147,4.0,1358380800
268,485,4.0,1351814400
335,420,3.0,1356480000
209,82,1.0,1288915200
919,634,4.0,1384992000
816,798,3.0,1403654400
660,270,3.0,1354924800
18,651,5.0,1385942400
571,339,4.0,1340236800
161,425,3.0,1350864000
740,82,1.0,1289779200
328,38,5.0,1224720000
339,377,5.0,1348012800
504,858,4.0,1398211200
564,419,5.0,1352160000
792,771,4.0,1374019200
770,825,3.0,1390003200
862,672,2.0,1374105600
823,603,4.0,1387324800
895,864,5.0,1405814400
411,731,4.0,1377129600
329,362,5.0,1382572800
202,56,5.0,1326931200
373,368,3.0,1353715200
286,451,2.0,1348012800
34,232,5.0,1324944000
769,149,5.0,1341532800
863,160,5.0,1340582400
41,710,1.0,1383004800
841,142,5.0,1365206400
386,337,4.0,1338681600
699,677,4.0,1377043200
351,842,4.0,1396569600
286,693,4.0,1384214400
512,792,3.0,1402704000
38,702,3.0,1382572800
264,745,4.0,1378512000
275,335,5.0,1337644800
415,513,5.0,1360627200
632,54,5.0,1342569600
91,230,3.0,1317081600
442,627,5.0,1383436800
353,552,5.0,1383004800
580,557,3.0,1365897600
51,771,3.0,1384560000
326,44,2.0,1222214400
289,491,4.0,1356912000
817,634,4.0,1385424000
226,139,5.0,1318204800
89,275,4.0,1403740800
291,245,4.0,1319587200
267,173,5.0,1309046400
660,350,5.0,1382054400
481,267,5.0,1322179200
353,21,2.0,1337212800
4,218,5.0,1344470400
308,532,4.0,1376352000
542,308,3.0,1342569600
226,72,4.0,1286496000
573,747,4.0,1384646400
504,127,4.0,1321920000
490,74,3.0,1283212800
669,732,5.0,1385683200
876,525,5.0,1358121600
742,641,5.0,1372118400
134,224,4.0,1309564800
233,747,4.0,1382832000
610,370,4.0,1347753600
255,800,4.0,1399939200
315,301,2.0,1345939200
883,639,4.0,1389744000
799,624,4.0,1370822400
477,376,5.0,1346112000
338,73,4.0,1288742400
507,154,4.0,1326240000
748,599,3.0,1384992000
69,160,5.0,1337040000
157,115,5.0,1315353600
886,540,5.0,1386892800
650,301,4.0,1348704000
344,374,5.0,1335398400
744,809,4.0,1403136000
385,492,3.0,1358294400
403,547,5.0,1383782400
117,111,4.0,1400716800
165,112,4.0,1348876800
235,372,4.0,1384387200
113,526,5.0,1352592000
795,598,4.0,1386115200
366,408,1.0,1349136000
889,671,3.0,1380153600
858,670,5.0,1374105600
391,180,4.0,1314835200
876,286,4.0,1339632000
76,601,5.0,1384387200
286,26,5.0,1387411200
460,729,3.0,1375660800
841,158,4.0,1366502400
203,503,4.0,1352937600
873,491,5.0,1352419200
794,298,4.0,1331164800
102,828,3.0,1397520000
347,834,3.0,1396396800
77,440,4.0,1356480000
354,456,4.0,1352851200
647,57,5.0,1264032000
620,307,4.0,1357862400
877,799,4.0,1399593600
453,206,5.0,1316736000
338,607,4.0,1379808000
359,519,4.0,1363219200
733,698,2.0,1387324800
244,689,4.0,1380758400
810,834,4.0,1394841600
618,442,4.0,1359676800
121,402,3.0,1367712000
5,204,4.0,1335139200
11,738,4.0,1388620800
668,707,1.0,1375574400
511,167,4.0,1329955200
672,772,5.0,1380758400
267,270,5.0,1350950400
239,847,4.0,1395014400
794,272,4.0,1345593600
733,754,4.0,1387324800
603,456,3.0,1354060800
552,51,4.0,1353369600
140,813,3.0,1400803200
458,537,2.0,1368576000
578,259,5.0,1324339200
39,620,1.0,1386374400
877,175,4.0,1308614400
805,768,5.0,1385424000
401,661,5.0,1374019200
833,446,4.0,1349740800
151,711,4.0,1384214400
708,169,4.0,1316649600
326,679,4.0,1385769600
161,783,4.0,1377820800
220,265,4.0,1352764800
127,608,3.0,1384992000
173,601,5.0,1381017600
323,615,3.0,1394323200
223,354,5.0,1342051200
203,142,5.0,1320105600
504,647,4.0,1367452800
845,422,3.0,1382659200
241,35,5.0,1325203200
80,612,5.0,1388102400
341,30,5.0,1351036800
845,363,5.0,1387411200
871,534,4.0,1381536000
706,769,5.0,1385078400
122,323,5.0,1335744000
789,196,4.0,1314316800
218,444,3.0,1348012800
92,496,4.0,1392249600
147,484,4.0,1350086400
788,454,3.0,1343952000
63,771,2.0,1383177600
655,668,4.0,1376524800
390,388,5.0,1350864000
456,605,3.0,1383350400
291,325,5.0,1355270400
654,143,1.0,1324339200
457,632,4.0,1385510400
562,445,2.0,1350518400
239,844,5.0,1395014400
338,866,3.0,1404864000
720,643,5.0,1384041600
633,381,4.0,1350518400
600,439,4.0,1361836800
320,612,5.0,1391385600
236,267,5.0,1322265600
327,552,3.0,1383004800
841,595,4.0,1379635200
413,755,4.0,1377820800
26,25,5.0,1351987200
313,58,5.0,1384732800
189,361,5.0,1353283200
236,364,5.0,1385683200
816,419,3.0,1351123200
18,40,4.0,1230422400
677,630,3.0,1379203200
751,170,2.0,1317081600
23,142,3.0,1321488000
26,523,5.0,1373673600
420,167,3.0,1325203200
902,622,2.0,1374710400
763,664,3.0,1372809600
87,411,5.0,1349654400
588,326,5.0,1354665600
380,235,4.0,1383004800
122,585,3.0,1389398400
100,827,3.0,1388880000
77,210,4.0,1319673600
602,398,3.0,1348704000
824,674,4.0,1375488000
519,291,4.0,1334707200
77,723,5.0,1377820800
421,568,3.0,1379548800
262,556,5.0,1387324800
118,202,5.0,1315958400
103,102,4.0,1290729600
526,122,3.0,1297900800
706,858,4.0,1397520000
243,266,5.0,1322611200
124,5,4.0,1290384000
674,116,5.0,1315353600
569,267,3.0,1323043200
335,830,5.0,1396396800
37,802,4.0,1402790400
534,303,4.0,1365206400
393,836,2.0,1396569600
476,364,5.0,1385769600
377,133,5.0,1319500800
18,573,5.0,1382745600
187,583,4.0,1383523200
504,55,4.0,1291766400
374,271,4.0,1359244800
783,128,4.0,1317254400
625,669,4.0,1383523200
223,776,3.0,1392768000
786,102,4.0,1292112000
349,95,5.0,1292198400
677,615,5.0,1395187200
630,798,3.0,1404691200
378,688,4.0,1369094400
110,679,5.0,1388361600
208,489,3.0,1344556800
795,650,4.0,1369094400
306,58,4.0,1382572800
773,809,5.0,1399852800
171,147,3.0,1358640000
79,208,4.0,1323216000
216,353,4.0,1346803200
357,199,5.0,1319068800
558,521,4.0,1364342400
638,102,5.0,1293321600
817,606,4.0,1375660800
240,432,5.0,1344556800
353,73,4.0,1288224000
678,729,3.0,1381881600
687,64,5.0,1280448000
156,508,4.0,1359590400
74,309,5.0,1344902400
67,9,4.0,1380758400
161,782,4.0,1380585600
629,545,5.0,1375833600
415,785,4.0,1389139200
361,512,5.0,1383264000
750,525,4.0,1363737600
598,238,3.0,1384646400
281,131,4.0,1389830400
541,626,4.0,1378080000
58,219,5.0,1317081600
278,543,4.0,1378512000
643,385,4.0,1348272000
620,738,4.0,1388361600
851,234,3.0,1317168000
622,388,4.0,1353715200
316,57,4.0,1262390400
262,16,5.0,1348704000
773,571,3.0,1375747200
360,511,5.0,1394755200
593,340,5.0,1355270400
629,212,5.0,1316822400
559,828,4.0,1397088000
534,44,4.0,1222128000
400,389,3.0,1358380800
394,94,5.0,1295481600
511,405,2.0,1358985600
511,277,4.0,1353369600
763,350,5.0,1383868800
649,58,5.0,1382572800
329,398,5.0,1343088000
386,298,4.0,1331510400
418,611,4.0,1388361600
305,204,4.0,1314230400
322,568,5.0,1377561600
578,721,5.0,1375660800
774,150,2.0,1345075200
266,118,4.0,1365897600
255,809,4.0,1402444800
194,354,5.0,1343260800
355,212,4.0,1314748800
138,123,5.0,1316649600
751,86,3.0,1281139200
652,532,5.0,1374105600
74,19,4.0,1340236800
517,734,2.0,1387324800
215,57,4.0,1261612800
271,310,5.0,1344556800
688,316,4.0,1351036800
866,578,5.0,1383177600
818,380,4.0,1348704000
826,707,2.0,1375660800
42,724,4.0,1377734400
752,197,4.0,1315267200
504,215,3.0,1321920000
682,779,4.0,1388448000
920,622,3.0,1377648000
546,289,3.0,1330128000
166,301,5.0,1347235200
459,122,4.0,1299369600
350,76,4.0,1280188800
814,468,5.0,1366156800
400,82,3.0,1289952000
100,804,5.0,1398297600
283,773,5.0,1384473600
97,172,4.0,1318550400
119,159,4.0,1361059200
430,836,3.0,1397779200
76,296,3.0,1345075200
842,764,3.0,1389571200
65,230,4.0,1318636800
177,512,5.0,1382918400
634,545,5.0,1379030400
151,707,3.0,1382227200
237,278,4.0,1401408000
241,733,5.0,1379376000
19,438,4.0,1358294400
755,151,4.0,1339718400
719,130,4.0,1316908800
112,245,4.0,1340841600
313,116,5.0,1320624000
805,379,4.0,1350432000
570,103,5.0,1290470400
426,172,5.0,1331337600
151,213,4.0,1317168000
571,708,5.0,1377129600
514,513,3.0,1363910400
516,340,5.0,1361145600
823,725,3.0,1379462400
851,201,4.0,1330905600
303,241,2.0,1321488000
141,7,5.0,1382486400
140,112,4.0,1350172800
473,349,2.0,1373500800
582,769,5.0,1387411200
520,236,1.0,1323388800
489,826,5.0,1392163200
2,184,4.0,1334793600
35,711,4.0,1385596800
555,274,5.0,1322524800
701,217,4.0,1347840000
113,245,5.0,1318377600
123,48,5.0,1374969600
502,555,2.0,1381881600
201,21,3.0,1340150400
255,738,2.0,1383177600
67,335,5.0,1335225600
211,13,5.0,1250294400
605,132,4.0,1379635200
618,217,4.0,1343520000
4,115,5.0,1314662400
374,222,4.0,1317772800
431,763,4.0,1388361600
140,275,4.0,1404691200
861,423,4.0,1349827200
478,786,5.0,1389657600
258,735,5.0,1378857600
692,788,4.0,1399334400
706,364,4.0,1387756800
565,387,4.0,1352073600
668,334,5.0,1350518400
160,526,3.0,1362355200
48,362,4.0,1384473600
418,670,3.0,1373846400
751,99,4.0,1299456000
308,318,5.0,1340841600
42,616,4.0,1393372800
375,234,5.0,1317081600
249,13,5.0,1175817600
310,365,4.0,1346025600
268,169,5.0,1317859200
790,585,4.0,1388880000
564,267,5.0,1322438400
710,217,5.0,1346025600
333,812,4.0,1402876800
40,142,3.0,1322956800
469,322,5.0,1366156800
291,267,4.0,1323820800
549,846,4.0,1397779200
6,642,5.0,1375488000
781,158,4.0,1357689600
28,27,5.0,1385337600
357,384,5.0,1348704000
124,537,4.0,1361318400
567,49,5.0,1296172800
353,327,4.0,1344729600
165,249,4.0,1341964800
61,415,4.0,1354924800
8,153,5.0,1317168000
198,67,5.0,1300492800
373,659,4.0,1385596800
601,673,3.0,1384387200
793,349,3.0,1372291200
645,513,5.0,1361577600
762,656,4.0,1379376000
561,847,3.0,1395100800
365,454,2.0,1344816000
602,52,5.0,1352937600
648,576,5.0,1384473600
403,532,5.0,1374710400
544,834,3.0,1393459200
163,769,5.0,1382572800
239,48,5.0,1375920000
594,401,4.0,1351036800
149,601,5.0,1383523200
711,853,4.0,1399420800
384,491,5.0,1352937600
95,16,4.0,1349481600
131,752,3.0,1374624000
482,769,4.0,1382745600
267,591,5.0,1381104000
154,838,4.0,1396828800
149,786,4.0,1391990400
477,335,5.0,1335225600
10,206,3.0,1316044800
833,293,4.0,1332979200
564,343,5.0,1353628800
298,159,5.0,1345075200
435,140,5.0,1341964800
151,503,4.0,1351555200
92,804,4.0,1399852800
476,531,4.0,1374710400
470,535,4.0,1382054400
549,102,4.0,1292457600
227,843,3.0,1395273600
708,481,3.0,1354838400
501,468,5.0,1365120000
871,560,4.0,1374969600
148,410,4.0,1346112000
650,624,5.0,1388102400
117,600,5.0,1383523200
503,721,5.0,1377216000
594,289,4.0,1335225600
558,730,4.0,1378080000
492,444,4.0,1345680000
871,628,4.0,1384387200
16,311,5.0,1338768000
160,276,5.0,1335744000
0,0,4.0,1357516800
918,866,4.0,1406073600
27,648,3.0,1386115200
465,703,2.0,1375574400
221,233,5.0,1317254400
622,151,4.0,1316822400
333,806,5.0,1401494400
170,493,4.0,1363564800
581,298,2.0,1335139200
392,637,3.0,1376524800
305,355,5.0,1355184000
442,637,5.0,1375488000
358,569,4.0,1373414400
575,581,4.0,1387324800
357,33,5.0,1328572800
904,830,3.0,1394323200
226,86,3.0,1280707200
29,172,4.0,1317772800
167,558,5.0,1376956800
36,242,2.0,1329955200
351,793,4.0,1386720000
124,853,5.0,1398902400
189,646,5.0,1374105600
117,38,4.0,1225670400
548,651,4.0,1386201600
33,651,5.0,1385769600
477,211,4.0,1316563200
149,295,4.0,1332115200
802,217,4.0,1345507200
59,114,4.0,1314748800
479,454,1.0,1359158400
134,570,4.0,1367280000
128,855,5.0,1389398400
407,488,5.0,1351555200
528,603,5.0,1384214400
286,109,4.0,1296086400
250,670,5.0,1372636800
858,628,5.0,1384992000
615,708,3.0,1375315200
522,462,5.0,1349568000
517,595,4.0,1380067200
389,757,4.0,1379721600
509,269,5.0,1336435200
788,381,5.0,1348790400
11,696,4.0,1377302400
35,547,5.0,1385596800
671,425,5.0,1350518400
98,622,5.0,1376265600
14,469,4.0,1365292800
293,855,5.0,1392681600
421,608,5.0,1386201600
559,843,2.0,1396483200
28,256,4.0,1317081600
60,869,4.0,1405296000
173,829,5.0,1393286400
640,56,4.0,1322352000
379,24,5.0,1258502400
354,343,3.0,1355875200
892,479,5.0,1343260800
758,197,5.0,1316304000
708,71,1.0,1279670400
579,220,4.0,1317859200
633,191,4.0,1315353600
169,598,2.0,1383350400
287,355,5.0,1349136000
166,346,5.0,1355702400
181,151,4.0,1316736000
114,451,2.0,1344211200
354,615,3.0,1398211200
151,335,5.0,1337558400
68,317,5.0,1339718400
616,777,4.0,1397001600
246,60,4.0,1290384000
759,317,5.0,1339459200
181,511,5.0,1393632000
355,578,5.0,1387411200
624,445,5.0,1351209600
398,828,2.0,1395100800
54,216,5.0,1365120000
406,597,5.0,1383264000
230,20,5.0,1350518400
228,245,3.0,1316649600
316,522,4.0,1362614400
676,769,5.0,1383264000
40,326,5.0,1354233600
47,459,4.0,1358553600
361,548,5.0,1369440000
558,47,5.0,1221609600
246,188,5.0,1349308800
489,752,5.0,1378857600
87,409,5.0,1352592000
905,263,4.0,1317254400
105,589,5.0,1384905600
126,324,5.0,1348617600
109,711,5.0,1384819200
579,50,4.0,1341964800
37,739,4.0,1382918400
609,588,5.0,1378166400
155,530,5.0,1356393600
406,27,5.0,1385510400
548,752,4.0,1376524800
300,141,4.0,1325116800
131,810,4.0,1397952000
90,122,4.0,1290816000
169,592,4.0,1383264000
845,511,5.0,1395273600
149,810,3.0,1401840000
277,66,3.0,1290124800
355,440,3.0,1382486400
900,683,4.0,1384128000
261,52,4.0,1349395200
602,159,4.0,1341360000
278,648,5.0,1389830400
787,117,4.0,1320278400
785,685,4.0,1372982400
129,332,5.0,1338422400
230,135,5.0,1350518400
565,224,4.0,1311206400
447,613,4.0,1384905600
374,842,5.0,1395360000
513,123,4.0,1321488000
355,806,4.0,1400457600
881,781,4.0,1377993600
718,858,3.0,1400025600
29,688,3.0,1374019200
329,655,5.0,1382572800
116,95,5.0,1287100800
704,320,5.0,1349654400
147,468,4.0,1363651200
444,133,4.0,1321488000
814,441,3.0,1366156800
173,45,4.0,1316476800
905,712,4.0,1385337600
39,245,4.0,1316044800
232,285,3.0,1331510400
145,436,4.0,1348617600
598,340,5.0,1354406400
374,235,5.0,1382486400
326,436,3.0,1345248000
379,30,5.0,1386028800
4,568,5.0,1378080000
657,129,4.0,1309478400
98,3,4.0,1365379200
387,670,4.0,1372809600
472,249,4.0,1345680000
193,858,5.0,1396742400
121,403,5.0,1348704000
845,146,5.0,1380153600
293,759,5.0,1381276800
326,588,4.0,1377993600
844,145,5.0,1356912000
541,714,3.0,1381881600
744,807,4.0,1403136000
448,532,4.0,1372377600
355,632,4.0,1385078400
232,528,4.0,1363305600
190,150,3.0,1341878400
374,830,3.0,1395014400
464,546,5.0,1383004800
270,829,5.0,1397174400
476,543,2.0,1380499200
268,486,5.0,1346630400
188,423,4.0,1350864000
211,85,3.0,1284508800
794,790,3.0,1401494400
242,46,3.0,1378339200
295,293,4.0,1348617600
269,668,4.0,1376697600
694,229,4.0,1322265600
746,615,4.0,1397692800
95,732,3.0,1382745600
277,406,5.0,1350518400
454,642,4.0,1373328000
243,726,3.0,1376265600
680,762,5.0,1400457600
160,627,5.0,1382313600
509,532,4.0,1379462400
602,566,3.0,1373587200
116,209,5.0,1332374400
521,42,5.0,1227571200
599,267,5.0,1322784000
795,428,3.0,1350691200
58,464,5.0,1344297600
249,517,4.0,1362009600
147,773,4.0,1383868800
344,153,4.0,1317600000
186,530,3.0,1358553600
714,312,4.0,1362096000
37,718,5.0,1376524800
624,831,5.0,1394928000
135,399,5.0,1350691200
67,844,4.0,1393372800
886,290,3.0,1331769600
683,219,4.0,1318204800
267,575,5.0,1384992000
660,58,5.0,1382745600
600,168,4.0,1316822400
45,692,4.0,1387411200
10,825,3.0,1388966400
430,711,3.0,1385164800
306,97,2.0,1289433600
89,445,3.0,1349136000
723,373,3.0,1333929600
264,746,4.0,1378512000
297,360,4.0,1358380800
867,700,4.0,1382140800
153,783,2.0,1379289600
378,840,2.0,1404259200
822,411,4.0,1350432000
49,429,4.0,1344729600
375,763,5.0,1383350400
731,706,5.0,1379376000
720,124,4.0,1308787200
761,787,4.0,1400025600
291,326,4.0,1355270400
45,718,5.0,1376265600
289,608,3.0,1387497600
504,360,5.0,1362009600
157,73,4.0,1289260800
569,92,4.0,1280361600
204,426,5.0,1341446400
636,585,4.0,1391817600
235,732,5.0,1383350400
107,711,3.0,1383609600
499,599,2.0,1384992000
229,164,4.0,1335744000
476,529,2.0,1385942400
552,46,5.0,1377475200
386,835,2.0,1397692800
545,144,2.0,1319587200
89,257,4.0,1356566400
371,97,3.0,1288742400
87,854,5.0,1394928000
52,488,5.0,1351036800
463,217,5.0,1343174400
37,504,5.0,1387238400
480,830,5.0,1397347200
741,316,5.0,1338336000
300,159,5.0,1345420800
170,219,4.0,1316649600
152,376,3.0,1346112000
74,95,3.0,1287446400
47,420,5.0,1352592000
47,481,4.0,1356825600
213,858,5.0,1396310400
318,672,5.0,1373155200
120,132,3.0,1379462400
581,73,3.0,1291334400
470,241,4.0,1318291200
48,533,5.0,1369526400
546,573,4.0,1383004800
640,163,3.0,1320710400
329,654,3.0,1383177600
659,62,4.0,1382400000
261,237,3.0,1352937600
150,509,2.0,1360627200
799,267,5.0,1323907200
244,83,4.0,1286150400
35,15,5.0,1336262400
8,582,5.0,1384387200
349,556,5.0,1384819200
883,674,4.0,1372204800
399,432,4.0,1344988800
138,647,5.0,1366502400
354,678,4.0,1375747200
739,532,3.0,1371686400
86,837,4.0,1397692800
354,121,4.0,1317945600
438,38,4.0,1221782400
730,244,4.0,1315958400
374,472,3.0,1357084800
262,693,5.0,1384819200
141,718,5.0,1373673600
580,143,4.0,1321920000
25,0,4.0,1356480000
287,773,5.0,1383350400
379,768,5.0,1383091200
658,182,4.0,1343606400
77,739,4.0,1386806400
571,831,4.0,1394582400
189,398,5.0,1344988800
317,292,4.0,1329955200
775,339,5.0,1338249600
42,654,1.0,1382832000
557,640,4.0,1386201600
509,146,4.0,1381795200
598,51,5.0,1354406400
365,227,5.0,1317600000
531,422,5.0,1386547200
730,404,5.0,1351123200
868,188,5.0,1348790400
268,675,5.0,1373068800
379,528,4.0,1363132800
696,196,5.0,1315958400
354,198,4.0,1315872000
556,46,5.0,1379721600
72,1,3.0,1332374400
61,471,3.0,1364860800
90,610,3.0,1403568000
148,387,4.0,1360972800
906,585,4.0,1389830400
476,702,5.0,1383177600
700,171,5.0,1319068800
853,536,5.0,1359504000
686,62,5.0,1385510400
113,400,3.0,1351555200
438,112,5.0,1350259200
668,511,5.0,1394755200
3,494,4.0,1354838400
141,595,5.0,1377907200
678,637,5.0,1376438400
37,636,5.0,1384041600
355,167,5.0,1317427200
806,806,5.0,1403136000
199,44,4.0,1222819200
498,593,4.0,1384041600
399,803,5.0,1401494400
833,224,4.0,1309219200
745,254,4.0,1322956800
748,185,5.0,1308182400
426,665,3.0,1376265600
346,696,5.0,1380153600
204,666,4.0,1379721600
561,340,5.0,1359417600
97,84,5.0,1352419200
325,533,5.0,1375833600
863,533,4.0,1376352000
353,360,4.0,1350518400
443,678,4.0,1375747200
140,297,2.0,1330473600
647,398,5.0,1344902400
11,722,1.0,1385683200
577,253,2.0,1338422400
128,695,5.0,1376265600
916,817,4.0,1395273600
255,112,4.0,1350691200
512,563,3.0,1380067200
587,585,3.0,1391558400
160,321,5.0,1342742400
619,777,5.0,1396569600
316,133,3.0,1323129600
213,804,1.0,1399161600
154,571,3.0,1377820800
770,421,4.0,1365984000
39,643,5.0,1385856000
213,822,4.0,1393632000
790,830,3.0,1393891200
679,708,2.0,1375228800
14,792,5.0,1402963200
113,614,4.0,1371513600
909,815,3.0,1394064000
420,71,3.0,1279670400
516,512,4.0,1382832000
149,806,5.0,1403827200
40,739,5.0,1383868800
236,444,5.0,1345593600
792,818,5.0,1405209600
238,832,4.0,1401408000
569,559,4.0,1362355200
840,629,5.0,1380326400
223,729,4.0,1379289600
46,696,2.0,1377475200
805,839,4.0,1398297600
123,50,5.0,1340236800
630,337,4.0,1340236800
894,462,5.0,1350432000
38,303,4.0,1343088000
811,219,4.0,1317081600
162,735,5.0,1377129600
555,364,4.0,1380067200
124,201,4.0,1316044800
190,647,5.0,1368662400
385,550,5.0,1374019200
375,761,5.0,1380067200
327,570,2.0,1363564800
915,809,5.0,1400025600
579,82,4.0,1289174400
902,764,5.0,1388448000
733,80,4.0,1284595200
615,819,4.0,1396742400
139,258,3.0,1336694400
128,247,4.0,1316649600
671,155,3.0,1341964800
233,472,4.0,1354060800
737,233,5.0,1318118400
350,22,5.0,1234396800
543,826,3.0,1394150400
715,162,4.0,1327536000
569,169,4.0,1317081600
107,655,4.0,1384041600
91,635,5.0,1372809600
54,147,5.0,1359072000
334,365,5.0,1351641600
408,491,5.0,1352851200
76,179,4.0,1314748800
495,79,4.0,1279756800
396,742,5.0,1387756800
120,319,3.0,1338249600
511,404,4.0,1358985600
386,825,1.0,1393718400
538,769,3.0,1384819200
354,765,2.0,1384819200
469,292,5.0,1335916800
305,90,3.0,1289174400
775,345,5.0,1329782400
600,490,3.0,1361577600
141,617,5.0,1377907200
381,769,5.0,1387324800
61,291,4.0,1333929600
813,172,5.0,1316044800
557,181,5.0,1344038400
710,98,2.0,1289606400
489,57,4.0,1263254400
305,186,4.0,1306195200
817,520,3.0,1365984000
531,429,4.0,1357776000
656,214,5.0,1363651200
624,389,3.0,1348876800
329,500,4.0,1364256000
425,369,5.0,1351814400
881,747,5.0,1381968000
208,150,5.0,1341964800
553,340,5.0,1361318400
274,401,3.0,1349740800
565,417,3.0,1344988800
452,646,4.0,1370131200
633,586,4.0,1374451200
435,446,3.0,1350432000
406,606,3.0,1373241600
768,93,3.0,1285372800
571,108,5.0,1292112000
184,694,3.0,1384300800
136,474,5.0,1350259200
152,626,4.0,1374883200
37,190,4.0,1387411200
162,850,3.0,1404691200
905,688,4.0,1370995200
421,165,4.0,1324512000
896,386,4.0,1352505600
151,532,4.0,1374969600
231,701,2.0,1379808000
506,650,5.0,1370044800
745,522,5.0,1362528000
131,724,4.0,1376697600
533,297,3.0,1332892800
338,523,4.0,1358812800
151,832,3.0,1399075200
47,685,5.0,1375574400
634,828,4.0,1396828800
370,726,3.0,1375488000
290,20,5.0,1341360000
362,847,3.0,1395792000
409,323,5.0,1335398400
868,648,4.0,1384128000
23,640,5.0,1382313600
18,265,5.0,1356480000
803,297,3.0,1330473600
92,686,5.0,1373068800
42,815,4.0,1393372800
531,648,4.0,1389657600
916,519,5.0,1369353600
309,512,4.0,1387843200
18,56,5.0,1329868800
331,20,4.0,1348099200
346,61,5.0,1382659200
675,321,4.0,1341360000
171,148,3.0,1357171200
75,612,4.0,1389830400
182,26,4.0,1386028800
666,381,3.0,1350172800
750,560,4.0,1379548800
655,334,4.0,1341878400
246,97,4.0,1307923200
199,9,4.0,1381622400
893,510,4.0,1377475200
679,747,5.0,1383091200
441,108,4.0,1292284800
29,51,5.0,1358812800
86,709,5.0,1376438400
694,704,5.0,1378166400
298,597,5.0,1384732800
361,597,4.0,1383264000
469,57,5.0,1261958400
741,216,4.0,1365033600
432,29,5.0,1376524800
37,34,5.0,1316563200
580,835,3.0,1396051200
412,805,4.0,1400976000
846,621,4.0,1376092800
600,428,3.0,1348963200
287,200,4.0,1316563200
180,787,4.0,1399507200
47,696,4.0,1380240000
346,73,4.0,1288310400
517,624,3.0,1369958400
770,638,2.0,1377043200
81,313,5.0,1338854400
246,269,5.0,1336867200
770,476,5.0,1346025600
636,817,5.0,1396483200
919,598,2.0,1387584000
743,602,4.0,1383782400
611,631,4.0,1378684800
618,444,4.0,1349395200
815,497,3.0,1360022400
862,159,5.0,1342915200
63,372,4.0,1383177600
338,345,4.0,1333670400
381,593,4.0,1382140800
123,102,5.0,1292976000
60,727,4.0,1377820800
362,732,5.0,1384128000
183,8,4.0,1355097600
842,698,4.0,1379462400
524,582,5.0,1383609600
741,263,3.0,1317859200
508,40,4.0,1228262400
737,82,5.0,1291334400
426,711,3.0,1381622400
274,203,4.0,1323820800
448,54,1.0,1339545600
223,349,2.0,1376870400
572,367,4.0,1349049600
584,808,4.0,1402444800
8,381,4.0,1350432000
499,551,4.0,1384992000
672,598,5.0,1380758400
688,680,5.0,1373932800
741,835,4.0,1396656000
517,136,4.0,1310688000
153,592,4.0,1388361600
446,174,4.0,1388707200
106,6,5.0,1232236800
252,611,4.0,1387238400
329,847,2.0,1393804800
575,473,4.0,1350345600
70,832,5.0,1400112000
101,118,4.0,1318550400
315,599,3.0,1382140800
73,627,4.0,1380067200
39,754,5.0,1382832000
833,495,2.0,1351123200
326,19,4.0,1337990400
449,368,4.0,1352937600
296,225,3.0,1316044800
780,418,5.0,1343088000
41,414,5.0,1340668800
486,433,4.0,1346889600
564,421,5.0,1352592000
508,85,4.0,1288224000
284,55,5.0,1296000000
381,109,5.0,1290902400
279,19,3.0,1342569600
314,606,4.0,1376438400
741,322,4.0,1337558400
584,465,5.0,1379894400
58,570,5.0,1363651200
641,629,5.0,1384473600
155,559,5.0,1363737600
611,489,3.0,1350518400
531,801,5.0,1389657600
134,428,3.0,1347753600
573,644,5.0,1373673600
624,497,3.0,1358208000
41,747,4.0,1384214400
374,384,4.0,1347148800
792,436,4.0,1344556800
126,811,4.0,1403136000
582,753,5.0,1379894400
640,406,5.0,1362009600
496,285,2.0,1332288000
116,658,4.0,1385596800
38,573,5.0,1382572800
585,293,3.0,1332288000
10,298,2.0,1331510400
538,764,4.0,1386115200
631,732,5.0,1385856000
128,276,4.0,1335744000
668,753,5.0,1379721600
151,523,4.0,1358985600
349,779,5.0,1388534400
8,25,1.0,1350345600
365,790,4.0,1399939200
320,858,4.0,1399680000
43,823,3.0,1398297600
821,487,4.0,1362009600
585,622,3.0,1379980800
445,94,5.0,1306800000
505,55,4.0,1295395200
128,91,4.0,1282780800
278,477,5.0,1350345600
355,814,4.0,1395014400
296,666,3.0,1374451200
620,678,4.0,1376438400
411,406,4.0,1351123200
488,649,3.0,1381708800
391,127,4.0,1321228800
442,667,5.0,1377216000
470,675,3.0,1375142400
460,583,4.0,1386374400
511,269,4.0,1337126400
467,687,4.0,1372809600
335,482,5.0,1348531200
813,255,3.0,1326067200
417,381,5.0,1348617600
693,403,1.0,1356652800
496,38,4.0,1227139200
150,50,4.0,1358640000
89,838,4.0,1394150400
541,703,2.0,1378598400
285,82,4.0,1289520000
557,106,5.0,1297900800
174,337,5.0,1342742400
453,117,4.0,1316736000
148,149,5.0,1341273600
79,238,4.0,1381881600
615,646,5.0,1371513600
145,743,4.0,1385424000
580,784,4.0,1385337600
189,401,3.0,1352851200
177,296,3.0,1348099200
915,601,5.0,1380585600
692,459,5.0,1343779200
148,828,4.0,1393718400
36,27,4.0,1388707200
134,370,5.0,1347753600
918,560,5.0,1377820800
482,835,3.0,1395705600
648,57,5.0,1268611200
120,515,3.0,1367452800
412,442,4.0,1362355200
503,219,5.0,1322956800
665,193,4.0,1314403200
707,256,4.0,1317686400
278,783,1.0,1380585600
485,237,3.0,1351123200
741,541,3.0,1379894400
675,225,5.0,1316217600
453,789,4.0,1399420800
435,296,4.0,1343260800
201,285,2.0,1331596800
42,489,5.0,1343865600
918,519,3.0,1362614400
212,143,4.0,1325462400
460,337,3.0,1342656000
633,385,5.0,1348617600
235,428,3.0,1346716800
906,564,5.0,1378944000
90,44,4.0,1222128000
159,724,4.0,1380326400
676,655,4.0,1385510400
160,149,5.0,1341446400
337,509,4.0,1363910400
849,716,5.0,1382140800
677,319,4.0,1337644800
858,580,4.0,1389830400
670,147,4.0,1369353600
735,353,5.0,1344556800
89,524,3.0,1359590400
135,6,4.0,1350691200
109,301,5.0,1346976000
567,107,5.0,1296172800
699,183,4.0,1313798400
641,585,3.0,1389312000
243,470,4.0,1362528000
516,389,3.0,1352764800
389,278,3.0,1404086400
717,574,4.0,1382400000
52,172,5.0,1316908800
809,306,3.0,1353456000
477,37,5.0,1383264000
98,80,4.0,1283299200
467,824,4.0,1403568000
758,202,4.0,1318118400
219,574,4.0,1380067200
560,698,4.0,1387324800
269,546,3.0,1376697600
605,601,4.0,1385510400
179,377,3.0,1350864000
223,374,5.0,1342051200
654,57,4.0,1264032000
516,491,3.0,1352678400
598,373,4.0,1334448000
208,622,2.0,1379376000
415,734,5.0,1384732800
37,532,5.0,1378944000
790,400,4.0,1350172800
58,557,3.0,1362528000
529,392,5.0,1355961600
28,379,2.0,1347321600
745,177,4.0,1319846400
289,58,5.0,1385510400
640,854,5.0,1395792000
30,574,5.0,1380240000
232,736,4.0,1382313600
140,857,2.0,1394064000
862,723,4.0,1382054400
37,76,5.0,1282694400
725,136,1.0,1311033600
465,740,5.0,1374883200
385,431,4.0,1348704000
205,16,5.0,1348790400
292,328,5.0,1350518400
856,760,5.0,1379808000
684,740,4.0,1377734400
170,251,4.0,1317081600
447,173,4.0,1309824000
422,814,4.0,1394668800
640,328,5.0,1354320000
490,38,4.0,1224547200
568,195,5.0,1316304000
41,467,5.0,1373328000
456,162,3.0,1319414400
26,57,4.0,1262563200
22,494,3.0,1356480000
4,493,4.0,1364947200
802,857,4.0,1396828800
213,589,5.0,1380585600
45,299,5.0,1349654400
415,833,5.0,1395014400
41,196,5.0,1314662400
352,410,5.0,1346803200
122,391,4.0,1355616000
512,553,2.0,1387324800
212,827,4.0,1395273600
517,687,4.0,1375488000
28,0,5.0,1352332800
748,86,4.0,1291593600
589,258,4.0,1358380800
125,311,4.0,1348704000
29,610,4.0,1405296000
253,296,4.0,1344988800
881,637,4.0,1381363200
818,773,4.0,1387584000
326,227,5.0,1331769600
730,255,4.0,1315958400
102,435,2.0,1346112000
502,753,1.0,1380153600
38,54,3.0,1340064000
88,712,3.0,1382572800
368,562,4.0,1392854400
808,419,4.0,1358208000
295,587,5.0,1385769600
577,429,4.0,1346198400
741,340,5.0,1358899200
585,50,3.0,1339372800
326,590,3.0,1383091200
249,359,2.0,1379980800
320,611,4.0,1387756800
33,848,4.0,1395964800
918,710,3.0,1379894400
646,371,5.0,1382918400
890,312,4.0,1350518400
577,535,5.0,1383609600
571,864,4.0,1405900800
262,148,3.0,1356566400
836,431,4.0,1348012800
803,115,4.0,1316649600
596,595,4.0,1379548800
797,327,4.0,1343260800
258,272,5.0,1345593600
232,700,3.0,1386547200
8,149,4.0,1342569600
534,189,5.0,1319068800
519,840,4.0,1405814400
814,673,4.0,1377561600
372,731,4.0,1375315200
648,718,5.0,1374019200
676,725,2.0,1377561600
286,230,5.0,1318464000
611,759,5.0,1382659200
662,610,4.0,1404518400
192,696,4.0,1381968000
98,853,5.0,1399248000
122,180,5.0,1315958400
372,756,3.0,1378339200
531,500,4.0,1366070400
202,174,5.0,1316044800
337,184,5.0,1311811200
471,35,5.0,1317254400
11,74,3.0,1296172800
492,369,5.0,1347926400
107,613,5.0,1384473600
516,96,4.0,1352678400
546,452,5.0,1345680000
554,510,4.0,1377734400
220,333,5.0,1350345600
272,398,4.0,1344902400
293,690,5.0,1384560000
418,345,4.0,1354838400
148,635,4.0,1372118400
367,562,4.0,1392854400
792,363,5.0,1352592000
819,648,5.0,1383091200
673,788,4.0,1400457600
875,704,5.0,1379030400
351,686,4.0,1375574400
684,513,3.0,1363824000
509,260,4.0,1331164800
421,829,3.0,1398470400
3,398,4.0,1345075200
741,582,3.0,1384819200
187,137,4.0,1337817600
361,299,5.0,1349222400
109,297,3.0,1334448000
182,807,4.0,1399075200
11,620,3.0,1385683200
857,165,5.0,1321660800
695,664,2.0,1376265600
124,395,1.0,1350432000
79,42,4.0,1228089600
380,832,2.0,1398384000
764,427,3.0,1348099200
519,853,4.0,1402876800
517,61,5.0,1387065600
636,534,4.0,1381449600
616,214,4.0,1362614400
348,670,5.0,1376438400
418,368,3.0,1353024000
139,267,3.0,1322438400
341,854,5.0,1396224000
374,806,5.0,1401753600
161,610,5.0,1403827200
323,742,5.0,1386115200
669,262,5.0,1316995200
301,574,5.0,1380326400
548,701,3.0,1378512000
718,740,5.0,1377475200
848,647,2.0,1368144000
653,716,5.0,1383523200
385,143,1.0,1321142400
843,500,2.0,1366156800
814,408,2.0,1352937600
343,728,3.0,1379548800
724,175,4.0,1308960000
823,482,4.0,1351036800
44,100,4.0,1379548800
6,556,5.0,1379980800
22,636,5.0,1381708800
537,44,3.0,1224806400
42,409,5.0,1351036800
195,807,3.0,1398384000
810,118,4.0,1314057600
171,603,5.0,1384214400
78,2,5.0,1368489600
886,753,2.0,1377734400
29,800,3.0,1403049600
420,28,4.0,1356480000
330,496,4.0,1392854400
349,341,4.0,1361232000
21,372,4.0,1384387200
679,825,2.0,1391126400
175,39,5.0,1229472000
60,26,3.0,1386115200
257,141,5.0,1328054400
380,732,5.0,1382745600
42,299,5.0,1349222400
138,319,3.0,1336003200
661,335,5.0,1335312000
782,784,4.0,1387411200
9,618,4.0,1383264000
9,496,4.0,1392422400
629,506,4.0,1359244800
198,824,5.0,1404432000
643,143,3.0,1325203200
348,112,5.0,1349481600
794,739,3.0,1387670400
463,752,5.0,1376697600
526,733,4.0,1377043200
856,294,4.0,1329955200
403,783,2.0,1377648000
522,435,5.0,1346457600
331,700,4.0,1384300800
419,695,2.0,1376524800
139,28,5.0,1353888000
918,465,5.0,1381190400
408,142,5.0,1320796800
316,146,5.0,1377648000
378,648,3.0,1382918400
749,435,5.0,1350950400
562,639,3.0,1387152000
415,32,4.0,1356566400
67,634,5.0,1382486400
461,164,4.0,1335312000
829,134,5.0,1316304000
531,482,4.0,1358812800
231,567,1.0,1373068800
232,362,4.0,1386892800
627,783,3.0,1381968000
146,51,5.0,1355961600
546,271,5.0,1359849600
186,142,2.0,1324771200
42,481,5.0,1353456000
674,653,4.0,1384214400
490,475,3.0,1347321600
274,311,4.0,1350518400
224,417,2.0,1344729600
262,150,5.0,1342396800
246,34,4.0,1325980800
19,272,5.0,1347062400
753,711,5.0,1385424000
517,260,5.0,1317254400
255,398,4.0,1361404800
888,318,5.0,1338595200
328,857,5.0,1397606400
859,356,4.0,1341964800
648,609,5.0,1372204800
381,582,5.0,1382140800
268,688,3.0,1370217600
158,142,3.0,1324944000
538,869,3.0,1405900800
412,795,5.0,1384128000
442,697,3.0,1382572800
47,232,5.0,1318809600
112,518,2.0,1366156800
543,752,4.0,1377993600
146,30,5.0,1352851200
310,683,3.0,1382400000
146,709,5.0,1376006400
459,160,4.0,1339718400
424,729,2.0,1378080000
278,799,3.0,1400457600
494,493,3.0,1368230400
654,640,4.0,1384992000
481,316,5.0,1339027200
246,490,3.0,1363824000
602,851,2.0,1402185600
157,791,4.0,1401840000
312,145,2.0,1350259200
296,509,3.0,1369267200
727,763,5.0,1383091200
824,752,3.0,1377648000
672,706,5.0,1376092800
610,158,5.0,1340064000
168,19,5.0,1337731200
595,423,5.0,1351123200
565,191,4.0,1315353600
131,18,4.0,1322092800
460,350,4.0,1383609600
520,804,4.0,1403740800
474,504,4.0,1385596800
143,628,5.0,1384992000
114,186,4.0,1306368000
655,809,5.0,1401148800
81,118,5.0,1315526400
545,158,5.0,1336694400
505,410,4.0,1356480000
305,483,5.0,1354492800
222,148,4.0,1354233600
8,751,5.0,1381881600
170,315,4.0,1337990400
553,797,3.0,1403049600
777,361,4.0,1356739200
163,221,2.0,1320710400
246,753,5.0,1380067200
313,268,4.0,1316390400
75,667,5.0,1379462400
426,513,4.0,1362268800
601,145,5.0,1350432000
116,540,5.0,1385596800
29,53,3.0,1357948800
334,692,5.0,1382572800
92,88,4.0,1397692800
359,676,4.0,1381536000
347,21,4.0,1336608000
212,194,3.0,1324425600
29,792,4.0,1403049600
11,502,3.0,1389398400
687,120,4.0,1319500800
737,210,5.0,1316649600
647,186,2.0,1362268800
324,202,4.0,1314230400
454,431,4.0,1349049600
11,362,3.0,1383436800
18,244,4.0,1323820800
324,829,3.0,1400112000
391,25,4.0,1349481600
565,813,2.0,1403049600
278,50,4.0,1338076800
618,53,3.0,1353456000
130,38,3.0,1226188800
734,176,4.0,1311206400
6,724,4.0,1379980800
39,712,4.0,1384646400
139,6,5.0,1350000000
279,57,5.0,1264032000
110,773,3.0,1384905600
848,854,4.0,1396224000
601,796,5.0,1404518400
912,705,2.0,1382918400
7,227,5.0,1316995200
649,594,5.0,1380499200
362,784,5.0,1383782400
402,159,4.0,1345075200
562,654,2.0,1384992000
374,620,3.0,1382572800
352,856,3.0,1401753600
193,463,1.0,1351123200
874,685,5.0,1372636800
244,309,4.0,1347580800
395,565,5.0,1374105600
34,0,5.0,1359849600
168,837,4.0,1394236800
848,531,5.0,1376611200
377,264,3.0,1334707200
910,497,2.0,1360713600
286,125,3.0,1289520000
548,474,5.0,1360368000
203,537,3.0,1366070400
126,858,5.0,1400112000
423,384,5.0,1346025600
106,776,4.0,1391299200
337,557,3.0,1368230400
849,578,5.0,1384387200
37,677,5.0,1379462400
543,344,5.0,1384992000
516,326,5.0,1361145600
587,144,2.0,1327017600
585,54,3.0,1340150400
195,694,3.0,1380153600
65,687,5.0,1372982400
379,383,3.0,1346284800
315,709,4.0,1377907200
361,865,5.0,1404950400
268,658,5.0,1384819200
881,835,4.0,1392422400
61,316,5.0,1341446400
622,54,4.0,1341014400
250,602,4.0,1383264000
678,786,5.0,1392854400
443,73,3.0,1293062400
846,800,5.0,1400630400
471,704,5.0,1377561600
374,603,5.0,1383091200
394,369,5.0,1351468800
584,633,4.0,1386547200
227,815,3.0,1398297600
374,530,5.0,1357084800
181,87,4.0,1283731200
546,174,1.0,1319068800
3,84,5.0,1353110400
291,498,4.0,1358380800
760,209,4.0,1336608000
18,95,4.0,1295049600
174,350,5.0,1383523200
470,118,4.0,1315872000
778,599,2.0,1380153600
306,63,4.0,1378684800
204,585,4.0,1382918400
268,224,3.0,1309910400
604,855,5.0,1390694400
368,23,4.0,1358294400
445,32,5.0,1354406400
74,532,4.0,1373932800
70,30,5.0,1352160000
165,354,4.0,1356739200
502,569,2.0,1376438400
586,611,5.0,1386028800
610,211,4.0,1331769600
444,677,5.0,1379462400
136,272,4.0,1346284800
377,350,5.0,1380585600
77,211,5.0,1319673600
173,479,4.0,1343520000
235,707,5.0,1380153600
127,205,5.0,1361318400
669,712,4.0,1385769600
292,712,4.0,1385596800
599,400,4.0,1350259200
79,477,4.0,1352246400
304,20,3.0,1365120000
545,472,4.0,1352937600
520,127,4.0,1319155200
554,502,5.0,1386633600
805,157,4.0,1350432000
649,813,4.0,1398470400
880,643,5.0,1383091200
166,336,5.0,1348531200
140,380,2.0,1350172800
668,797,4.0,1403136000
35,194,3.0,1320537600
631,819,4.0,1397088000
167,216,5.0,1364256000
700,398,5.0,1343260800
845,710,5.0,1387411200
899,830,5.0,1393372800
823,853,5.0,1403136000
43,645,4.0,1379462400
508,44,4.0,1223683200
427,641,3.0,1372550400
53,606,4.0,1375660800
640,858,4.0,1399161600
35,700,4.0,1385596800
515,375,5.0,1348012800
539,113,4.0,1326240000
125,192,4.0,1319673600
122,28,4.0,1354579200
724,672,4.0,1374710400
719,329,4.0,1339286400
529,761,5.0,1387324800
538,549,4.0,1365638400
187,126,3.0,1295568000
121,700,5.0,1377475200
470,268,4.0,1316044800
204,712,4.0,1385424000
224,304,5.0,1363910400
651,57,5.0,1262390400
471,376,5.0,1354147200
180,591,4.0,1384732800
528,245,5.0,1323734400
323,418,5.0,1344816000
111,573,5.0,1386115200
876,290,4.0,1332028800
116,93,5.0,1287100800
278,359,3.0,1382572800
812,140,4.0,1345680000
186,260,5.0,1329264000
731,525,4.0,1357344000
206,10,4.0,1072656000
87,85,5.0,1284249600
459,64,3.0,1287619200
739,149,4.0,1343260800
205,644,2.0,1373068800
538,93,3.0,1345075200
230,355,4.0,1350518400
246,724,5.0,1381881600
780,817,4.0,1393977600
151,12,5.0,1365292800
657,850,5.0,1405641600
786,140,4.0,1355788800
247,576,5.0,1383609600
619,53,5.0,1350259200
470,591,4.0,1386633600
723,281,4.0,1330041600
642,423,5.0,1363132800
364,722,3.0,1380499200
467,796,4.0,1404086400
362,372,5.0,1385337600
93,148,4.0,1366156800
837,171,4.0,1318896000
157,333,5.0,1350432000
161,806,5.0,1400889600
462,178,5.0,1308700800
642,159,4.0,1342656000
702,263,2.0,1317254400
627,640,5.0,1383350400
201,69,4.0,1331596800
261,329,5.0,1346630400
798,519,4.0,1365120000
631,658,3.0,1386720000
139,96,4.0,1350000000
251,70,3.0,1321920000
399,764,4.0,1387152000
829,172,5.0,1317772800
10,0,4.0,1357084800
625,714,4.0,1380758400
125,642,4.0,1376524800
546,804,5.0,1401840000
158,473,3.0,1350518400
739,336,5.0,1348272000
37,508,5.0,1358899200
747,486,5.0,1346284800
433,619,3.0,1377648000
484,826,4.0,1391644800
31,77,4.0,1279584000
449,256,3.0,1318291200
908,798,5.0,1405900800
268,809,3.0,1398211200
775,758,5.0,1377475200
574,52,5.0,1350518400
149,665,4.0,1373760000
473,778,4.0,1385164800
829,671,2.0,1380844800
577,612,3.0,1392681600
643,141,3.0,1325203200
151,504,5.0,1384646400
387,686,4.0,1372291200
329,832,4.0,1398729600
724,643,4.0,1384041600
546,541,5.0,1379808000
134,729,3.0,1378425600
286,38,5.0,1229558400
291,803,5.0,1399507200
230,603,5.0,1383955200
180,685,2.0,1372809600
132,740,5.0,1375747200
371,40,3.0,1238457600
7,528,4.0,1376006400
303,17,5.0,1337817600
793,275,5.0,1403654400
667,465,5.0,1377648000
752,411,4.0,1351123200
126,436,1.0,1358640000
326,34,4.0,1316736000
120,222,2.0,1321401600
658,62,5.0,1384300800
751,134,3.0,1315785600
585,847,2.0,1393459200
213,761,5.0,1383696000
379,108,4.0,1291593600
350,52,4.0,1350518400
340,840,4.0,1404864000
919,599,3.0,1384992000
443,784,3.0,1387324800
909,477,5.0,1349395200
394,633,3.0,1377561600
555,641,4.0,1372118400
851,833,4.0,1395878400
546,674,5.0,1374624000
323,51,5.0,1354492800
193,852,4.0,1404086400
424,465,4.0,1380067200
103,110,4.0,1293321600
832,830,4.0,1396137600
275,686,3.0,1376524800
631,660,3.0,1386460800
731,143,5.0,1321056000
214,868,4.0,1405382400
578,839,5.0,1393459200
574,62,5.0,1384905600
454,438,2.0,1356998400
890,559,4.0,1366675200
787,831,3.0,1397001600
560,652,2.0,1385856000
307,394,2.0,1357430400
617,645,4.0,1382572800
111,705,5.0,1387065600
236,597,5.0,1383868800
220,836,4.0,1395619200
42,832,5.0,1399939200
135,290,3.0,1329955200
899,524,4.0,1360540800
119,222,5.0,1321228800
202,274,4.0,1326326400
721,833,5.0,1400112000
799,417,5.0,1343260800
65,372,4.0,1385337600
643,59,4.0,1351468800
283,207,5.0,1313625600
273,612,5.0,1389312000
686,464,4.0,1345075200
175,530,5.0,1357257600
330,358,5.0,1356566400
392,198,4.0,1314576000
4,699,5.0,1378771200
757,87,5.0,1352419200
323,380,4.0,1350864000
243,44,4.0,1222732800
662,225,4.0,1323907200
615,716,5.0,1381449600
696,292,3.0,1330819200
270,159,5.0,1350604800
639,222,3.0,1331596800
815,639,4.0,1386979200
535,779,5.0,1382745600
699,94,4.0,1318032000
557,95,4.0,1289433600
433,478,4.0,1356912000
8,351,5.0,1348012800
151,633,4.0,1383264000
49,324,4.0,1351987200
504,85,4.0,1282780800
560,363,5.0,1386460800
594,339,5.0,1342656000
594,122,5.0,1294358400
422,98,3.0,1294272000
825,646,4.0,1369958400
386,810,4.0,1402963200
468,44,4.0,1223683200
462,129,5.0,1309824000
603,267,4.0,1325548800
872,801,5.0,1387843200
400,344,4.0,1384819200
775,338,5.0,1341964800
395,325,5.0,1352678400
221,264,1.0,1317254400
619,663,5.0,1378857600
868,525,3.0,1357257600
734,401,4.0,1350345600
444,386,4.0,1345680000
205,382,5.0,1350691200
285,15,5.0,1335312000
213,725,3.0,1376006400
398,656,4.0,1378771200
558,707,5.0,1384387200
877,212,4.0,1316649600
822,208,5.0,1321401600
779,612,2.0,1392595200
234,338,4.0,1341187200
10,194,4.0,1316044800
437,616,5.0,1395792000
513,483,4.0,1348099200
831,393,5.0,1402272000
427,205,5.0,1316822400
460,88,3.0,1386374400
104,406,5.0,1350432000
696,501,4.0,1359331200
507,340,4.0,1358380800
246,370,4.0,1371513600
355,683,4.0,1388534400
271,140,4.0,1348099200
444,313,5.0,1338422400
145,388,4.0,1353283200
744,592,3.0,1386028800
258,321,5.0,1341273600
708,621,5.0,1372723200
491,152,4.0,1392854400
138,350,5.0,1380412800
191,8,4.0,1366416000
39,732,4.0,1383177600
398,671,5.0,1381363200
453,805,5.0,1401321600
600,51,5.0,1354838400
400,106,3.0,1295740800
640,665,5.0,1372550400
246,385,4.0,1349395200
109,465,5.0,1378598400
578,398,5.0,1345334400
39,842,5.0,1396483200
5,234,4.0,1317254400
399,419,4.0,1352937600
436,757,2.0,1380412800
6,637,5.0,1375488000
533,649,5.0,1380585600
103,309,5.0,1344211200
78,334,5.0,1352937600
11,422,4.0,1383955200
129,802,5.0,1399420800
44,453,5.0,1343260800
147,369,4.0,1352851200
763,815,3.0,1395619200
291,806,5.0,1403136000
412,105,3.0,1290384000
341,73,4.0,1288656000
126,809,5.0,1403136000
363,174,3.0,1387411200
213,530,5.0,1357603200
295,264,1.0,1326326400
568,106,3.0,1298505600
17,798,5.0,1403481600
473,562,3.0,1392854400
109,317,4.0,1339891200
301,371,5.0,1385424000
272,248,5.0,1342656000
415,28,4.0,1356566400
193,483,3.0,1347148800
492,470,4.0,1362873600
455,31,5.0,1356480000
596,326,4.0,1362009600
714,141,5.0,1323907200
12,340,5.0,1359504000
670,244,5.0,1316131200
113,542,4.0,1360022400
0,831,3.0,1396224000
419,185,5.0,1306800000
591,842,4.0,1393459200
427,559,3.0,1362614400
156,827,5.0,1392854400
467,453,3.0,1345852800
824,527,3.0,1363564800
546,518,2.0,1363910400
384,235,5.0,1385251200
453,517,4.0,1363910400
550,815,5.0,1393459200
35,235,4.0,1383955200
581,212,3.0,1324512000
674,574,4.0,1380412800
269,543,3.0,1376697600
864,491,5.0,1354060800
560,768,5.0,1387324800
202,209,4.0,1321315200
516,705,5.0,1385164800
47,814,4.0,1397347200
362,613,5.0,1384560000
190,371,5.0,1384041600
208,784,3.0,1384646400
29,808,3.0,1403049600
857,449,5.0,1350950400
692,559,5.0,1363824000
745,547,4.0,1377820800
831,524,3.0,1360800000
148,846,1.0,1394496000
435,30,5.0,1351641600
710,536,4.0,1359936000
569,145,3.0,1352073600
802,516,4.0,1361232000
528,149,5.0,1342569600
272,118,5.0,1315958400
740,301,3.0,1345680000
515,484,5.0,1347926400
634,55,3.0,1297382400
453,866,4.0,1404086400
258,554,5.0,1381708800
31,806,5.0,1401321600
244,827,3.0,1390867200
14,601,5.0,1384041600
480,670,5.0,1372809600
365,27,5.0,1386720000
507,253,2.0,1366761600
792,586,5.0,1383955200
151,160,5.0,1337990400
130,113,2.0,1317168000
41,700,2.0,1384128000
905,710,1.0,1384819200
388,51,5.0,1354752000
45,362,3.0,1387065600
166,530,5.0,1357603200
716,392,4.0,1349049600
613,847,3.0,1396310400
267,135,5.0,1350432000
81,824,4.0,1404777600
754,700,2.0,1381104000
61,394,3.0,1350345600
845,834,5.0,1395273600
235,784,5.0,1383436800
87,217,5.0,1344643200
20,444,4.0,1349568000
406,616,5.0,1393372800
721,741,4.0,1388448000
859,822,3.0,1393632000
263,133,5.0,1337040000
3,159,4.0,1341878400
264,59,5.0,1351123200
213,514,2.0,1359849600
75,284,4.0,1331769600
149,74,3.0,1284336000
473,35,3.0,1316649600
781,706,4.0,1375488000
230,835,2.0,1395792000
750,465,5.0,1380326400
676,509,1.0,1361750400
669,699,5.0,1385769600
805,632,5.0,1384387200
406,614,5.0,1369094400
125,664,2.0,1376524800
616,626,5.0,1374883200
739,137,2.0,1338768000
714,144,5.0,1322697600
592,326,5.0,1359244800
161,839,5.0,1393027200
37,126,5.0,1292457600
315,436,3.0,1345939200
10,748,4.0,1382659200
535,866,4.0,1404259200
815,762,5.0,1384473600
546,152,4.0,1392249600
53,795,5.0,1385337600
615,626,5.0,1375660800
351,685,4.0,1374537600
366,354,5.0,1340841600
292,542,3.0,1361404800
291,465,4.0,1379980800
494,472,4.0,1350518400
98,143,4.0,1321488000
192,106,4.0,1292371200
640,805,5.0,1404000000
298,807,5.0,1398124800
274,28,5.0,1355788800
560,666,5.0,1379635200
823,695,4.0,1379462400
84,163,5.0,1319068800
900,449,4.0,1350518400
431,107,3.0,1292284800
115,104,5.0,1292457600
578,525,4.0,1357776000
192,820,4.0,1392854400
267,256,5.0,1317168000
412,72,4.0,1293580800
700,118,4.0,1315094400
291,258,5.0,1337212800
916,822,4.0,1396483200
723,487,5.0,1344643200
213,210,4.0,1321488000
604,611,4.0,1387756800
831,784,4.0,1385337600
421,753,4.0,1381968000
546,395,2.0,1349222400
506,562,5.0,1392768000
572,58,5.0,1384041600
202,10,1.0,1244764800
332,354,5.0,1342569600
912,369,5.0,1347321600
313,570,4.0,1366848000
482,807,5.0,1400544000
489,416,4.0,1359590400
445,566,4.0,1375660800
689,695,3.0,1375315200
736,523,4.0,1363824000
265,437,4.0,1384905600
635,484,5.0,1352851200
580,559,5.0,1363996800
828,460,4.0,1343260800
555,636,5.0,1377561600
627,54,1.0,1348012800
596,829,1.0,1396742400
723,124,4.0,1310256000
857,582,5.0,1386028800
705,694,4.0,1380758400
539,786,3.0,1390435200
329,652,4.0,1383955200
272,58,5.0,1385424000
141,571,4.0,1376438400
520,82,5.0,1290038400
531,176,4.0,1310947200
354,529,4.0,1380153600
620,751,5.0,1388361600
9,358,5.0,1353888000
824,278,5.0,1404172800
538,465,5.0,1364428800
94,273,5.0,1349827200
258,749,5.0,1378857600
387,831,3.0,1393891200
270,169,5.0,1319068800
399,721,4.0,1379548800
212,234,3.0,1318118400
525,480,4.0,1350259200
335,709,4.0,1377993600
604,678,5.0,1375315200
244,17,4.0,1344124800
172,481,5.0,1358294400
712,600,5.0,1382918400
178,109,5.0,1290384000
22,459,5.0,1343520000
608,603,4.0,1384992000
701,769,5.0,1384214400
126,220,4.0,1329264000
20,529,5.0,1383436800
910,675,4.0,1373155200
213,665,4.0,1373500800
36,320,5.0,1356480000
356,714,4.0,1378166400
131,363,4.0,1377648000
559,819,4.0,1396483200
544,493,4.0,1366243200
342,519,4.0,1363737600
888,430,4.0,1344211200
289,200,4.0,1315180800
42,480,5.0,1349222400
131,447,4.0,1351036800
202,635,5.0,1375142400
587,715,4.0,1380067200
90,350,4.0,1385942400
852,588,5.0,1377734400
321,35,5.0,1340150400
349,350,5.0,1382400000
721,476,4.0,1345075200
531,702,3.0,1387238400
810,827,5.0,1392422400
123,565,4.0,1373068800
830,706,5.0,1375488000
780,855,4.0,1390176000
584,840,3.0,1404691200
90,562,4.0,1392854400
37,732,5.0,1384041600
874,499,4.0,1360627200
655,867,5.0,1405987200
194,331,5.0,1340928000
496,611,5.0,1388448000
89,319,4.0,1335916800
212,494,3.0,1365206400
243,35,3.0,1317254400
42,132,4.0,1377475200
498,768,4.0,1385596800
589,196,5.0,1315785600
94,282,5.0,1329782400
198,9,5.0,1383091200
407,674,4.0,1373932800
346,303,3.0,1343260800
266,329,5.0,1342483200
26,144,4.0,1317254400
434,815,5.0,1397692800
718,236,3.0,1323820800
669,202,5.0,1314316800
788,739,3.0,1382918400
249,243,5.0,1316822400
41,646,5.0,1370304000
309,228,5.0,1387843200
476,707,1.0,1380326400
119,72,5.0,1291075200
235,434,5.0,1345852800
141,116,5.0,1314748800
298,84,5.0,1351036800
6,170,5.0,1316649600
158,349,3.0,1381968000
666,720,3.0,1375833600
280,15,5.0,1336176000
319,355,4.0,1344988800
275,15,5.0,1337126400
655,509,3.0,1364256000
780,647,5.0,1367193600
739,267,4.0,1324339200
335,686,4.0,1374796800
223,686,5.0,1376870400
644,82,4.0,1295049600
481,281,5.0,1330905600
747,117,3.0,1318809600
367,571,4.0,1379548800
617,634,3.0,1386806400
670,59,4.0,1351296000
179,833,3.0,1400025600
403,53,5.0,1350086400
264,328,5.0,1350172800
587,149,4.0,1342656000
219,12,5.0,1353369600
668,607,4.0,1379721600
413,324,5.0,1349395200
837,786,5.0,1388275200
721,184,2.0,1351036800
383,329,5.0,1340236800
375,197,5.0,1314748800
473,611,4.0,1389744000
171,661,3.0,1372809600
805,802,5.0,1400716800
330,834,3.0,1400112000
915,728,5.0,1375228800
194,566,4.0,1373500800
834,138,5.0,1355529600
860,794,5.0,1385683200
472,707,2.0,1376524800
220,621,4.0,1373932800
717,73,3.0,1288742400
445,503,5.0,1359158400
125,72,3.0,1351123200
679,422,4.0,1385251200
597,531,5.0,1372118400
819,419,4.0,1352505600
886,325,5.0,1351555200
355,21,3.0,1344038400
445,153,4.0,1323302400
580,676,4.0,1382486400
409,637,1.0,1374883200
126,515,3.0,1368489600
37,422,4.0,1387411200
189,322,4.0,1352937600
120,772,3.0,1384905600
480,685,4.0,1373673600
476,738,1.0,1386201600
679,824,2.0,1405814400
117,42,4.0,1228176000
240,716,4.0,1381968000
270,171,4.0,1319068800
14,725,2.0,1377561600
551,859,5.0,1400457600
557,809,4.0,1402531200
207,234,4.0,1317254400
35,502,4.0,1390694400
190,576,3.0,1385251200
212,93,4.0,1287446400
666,687,4.0,1375833600
582,854,4.0,1396915200
835,516,5.0,1359158400
791,593,2.0,1380672000
734,452,4.0,1350345600
809,377,4.0,1350950400
745,701,5.0,1380412800
460,256,3.0,1326931200
8,687,5.0,1373760000
697,792,5.0,1403049600
911,703,4.0,1379548800
540,417,2.0,1344988800
250,868,3.0,1404345600
186,547,2.0,1380153600
713,691,4.0,1383264000
415,182,2.0,1343260800
293,448,5.0,1349827200
633,198,3.0,1315353600
221,534,4.0,1384992000
614,669,4.0,1381536000
77,421,5.0,1351814400
71,646,5.0,1374105600
377,62,4.0,1383091200
584,769,5.0,1384905600
173,851,3.0,1401667200
808,684,4.0,1378339200
665,117,3.0,1326585600
809,728,4.0,1377561600
658,99,4.0,1289347200
462,696,4.0,1378166400
308,502,4.0,1391126400
394,623,5.0,1384992000
21,576,5.0,1388188800
320,256,3.0,1317340800
805,852,4.0,1404259200
634,689,5.0,1380153600
503,722,4.0,1383523200
470,822,2.0,1397520000
903,514,5.0,1363824000
535,187,5.0,1315872000
59,570,4.0,1366070400
716,95,4.0,1285200000
897,352,5.0,1348099200
365,276,5.0,1335312000
180,423,5.0,1350864000
337,534,4.0,1380499200
399,823,4.0,1394409600
205,315,4.0,1339632000
856,839,4.0,1394236800
592,144,3.0,1317168000
303,18,3.0,1322179200
635,95,5.0,1318809600
79,168,4.0,1318032000
35,710,4.0,1385596800
655,64,2.0,1281916800
191,781,4.0,1379894400
665,600,5.0,1385164800
126,815,3.0,1397692800
472,317,4.0,1338681600
449,823,3.0,1397088000
151,39,5.0,1227484800
775,554,5.0,1380153600
190,395,2.0,1350518400
348,21,3.0,1337126400
376,406,5.0,1352937600
168,838,4.0,1394236800
892,628,5.0,1383091200
40,273,5.0,1349568000
380,547,4.0,1383696000
166,339,5.0,1340755200
279,160,4.0,1336003200
589,303,3.0,1345075200
282,36,5.0,1382227200
337,47,3.0,1224115200
286,611,5.0,1388880000
241,275,5.0,1404259200
332,137,4.0,1336176000
451,580,4.0,1387324800
196,246,5.0,1321920000
565,490,2.0,1367971200
413,336,5.0,1348704000
92,381,4.0,1350864000
13,589,5.0,1388016000
569,120,4.0,1316563200
123,801,5.0,1388534400
573,637,5.0,1374019200
460,188,3.0,1356739200
49,433,5.0,1346025600
301,356,4.0,1342483200
175,561,4.0,1372723200
127,653,4.0,1380153600
530,230,3.0,1317254400
224,205,5.0,1322179200
806,287,4.0,1332633600
914,389,5.0,1350432000
467,686,3.0,1372204800
647,483,2.0,1363996800
768,723,4.0,1383264000
68,66,4.0,1279843200
537,686,3.0,1376438400
162,270,2.0,1352592000
405,474,3.0,1350864000
150,515,4.0,1360627200
859,315,4.0,1340841600
738,701,5.0,1379548800
526,574,5.0,1376265600
764,283,3.0,1358380800
3,367,4.0,1348790400
80,775,5.0,1394150400
5,553,2.0,1380067200
458,601,5.0,1387411200
288,792,4.0,1399852800
396,420,5.0,1362355200
20,766,3.0,1385596800
457,539,5.0,1382054400
436,560,3.0,1376870400
223,813,4.0,1401408000
377,219,3.0,1365120000
208,340,5.0,1358899200
633,618,4.0,1387411200
584,809,3.0,1402444800
830,423,4.0,1350518400
839,229,4.0,1316649600
351,241,4.0,1317772800
458,33,4.0,1326931200
423,596,4.0,1384473600
63,547,4.0,1383177600
472,771,5.0,1378857600
843,472,3.0,1351900800
180,348,4.0,1372550400
159,8,3.0,1367193600
489,272,3.0,1345593600
517,685,5.0,1372118400
362,738,4.0,1388275200
789,106,4.0,1313625600
256,148,4.0,1355097600
379,129,3.0,1309392000
489,55,4.0,1365638400
835,148,3.0,1354665600
590,260,4.0,1324512000
329,206,5.0,1313971200
231,326,5.0,1353715200
141,684,5.0,1375401600
503,39,5.0,1229558400
131,347,3.0,1356998400
507,473,2.0,1350518400
270,641,4.0,1374537600
661,686,5.0,1386201600
792,459,4.0,1346803200
508,143,4.0,1326844800
382,337,4.0,1338681600
329,197,5.0,1315353600
123,360,5.0,1349049600
274,511,5.0,1396396800
790,669,4.0,1380153600
263,89,5.0,1329350400
404,201,4.0,1320278400
586,710,4.0,1377475200
31,215,4.0,1314748800
455,694,3.0,1383436800
26,565,4.0,1375228800
18,88,5.0,1385942400
374,448,3.0,1351296000
343,804,4.0,1403049600
864,707,2.0,1380326400
152,8,4.0,1365206400
72,72,3.0,1287360000
723,695,5.0,1377561600
134,846,3.0,1396656000
653,626,5.0,1377475200
523,44,2.0,1222300800
38,44,2.0,1224115200
312,541,5.0,1381795200
41,422,5.0,1382832000
216,333,5.0,1350345600
788,320,5.0,1349308800
490,185,4.0,1305763200
368,199,3.0,1321660800
246,43,4.0,1228003200
173,95,5.0,1325116800
380,573,5.0,1383264000
397,514,4.0,1359504000
518,560,5.0,1374624000
139,817,5.0,1395792000
46,372,3.0,1384041600
122,241,3.0,1336435200
451,481,2.0,1366070400
418,35,4.0,1319068800
622,408,2.0,1349568000
314,530,3.0,1384905600
113,827,3.0,1389312000
193,811,5.0,1399334400
349,588,5.0,1380499200
164,620,3.0,1380585600
312,89,5.0,1286496000
4,328,5.0,1357516800
100,84,4.0,1355097600
538,365,3.0,1345680000
25,111,5.0,1400371200
307,427,5.0,1359331200
536,279,5.0,1356566400
653,644,4.0,1375660800
539,308,5.0,1348185600
540,408,1.0,1351123200
204,652,3.0,1383696000
166,502,5.0,1391385600
332,355,4.0,1342569600
690,433,5.0,1354147200
576,284,3.0,1330300800
42,742,5.0,1386028800
580,270,4.0,1353110400
180,8,4.0,1355875200
311,17,5.0,1340841600
519,542,4.0,1361318400
905,869,4.0,1405468800
394,107,5.0,1295481600
646,701,5.0,1376611200
275,617,3.0,1383782400
676,522,3.0,1363478400
561,504,4.0,1383868800
379,784,4.0,1383955200
604,402,4.0,1349827200
177,624,4.0,1372032000
685,404,4.0,1348704000
24,142,4.0,1320451200
109,802,4.0,1400976000
257,774,5.0,1396569600
92,51,4.0,1357776000
788,255,2.0,1315612800
659,645,4.0,1376956800
3,821,5.0,1388534400
159,775,5.0,1394582400
412,546,4.0,1380412800
388,339,4.0,1338854400
386,706,4.0,1377388800
856,302,4.0,1345593600
70,199,4.0,1329696000
640,147,5.0,1366156800
896,674,4.0,1374710400
472,865,3.0,1405728000
295,705,4.0,1383782400
344,643,5.0,1384992000
447,532,4.0,1374710400
366,315,4.0,1347408000
779,537,5.0,1367107200
552,339,5.0,1343433600
76,2,5.0,1359244800
300,16,5.0,1350172800
127,436,4.0,1347840000
361,241,5.0,1320796800
22,458,4.0,1346112000
355,538,4.0,1369440000
784,322,2.0,1355616000
884,453,4.0,1348531200
372,404,5.0,1348704000
140,617,5.0,1379462400
180,607,4.0,1377561600
843,305,3.0,1355011200
742,638,5.0,1377993600
296,608,3.0,1383696000
168,270,3.0,1351641600
452,831,2.0,1393718400
915,738,5.0,1383868800
124,296,4.0,1344729600
853,602,5.0,1383091200
90,267,4.0,1323820800
586,62,4.0,1382572800
814,634,4.0,1383004800
161,805,3.0,1400889600
489,716,5.0,1383868800
317,423,4.0,1362009600
286,858,5.0,1396396800
696,671,4.0,1378857600
71,167,5.0,1317254400
387,852,5.0,1403740800
523,213,5.0,1320710400
446,228,5.0,1386028800
838,249,4.0,1350345600
504,39,4.0,1227916800
2,525,5.0,1367884800
437,819,5.0,1395792000
415,324,5.0,1352419200
584,591,5.0,1386633600
119,579,5.0,1383696000
449,258,3.0,1339372800
172,769,5.0,1384300800
391,350,5.0,1383523200
89,140,4.0,1341273600
256,708,3.0,1375401600
204,82,4.0,1294876800
421,856,3.0,1401494400
44,808,5.0,1403136000
466,38,5.0,1224633600
655,808,5.0,1401926400
181,752,4.0,1377993600
464,778,4.0,1387411200
826,683,3.0,1381276800
445,57,5.0,1265932800
3,136,4.0,1309305600
362,221,4.0,1323475200
206,748,4.0,1381968000
613,838,4.0,1396396800
125,146,3.0,1380499200
221,11,5.0,1342915200
30,326,5.0,1360195200
636,144,4.0,1317168000
409,257,4.0,1356566400
356,150,5.0,1341792000
605,700,2.0,1385251200
8,169,5.0,1317168000
227,12,5.0,1366848000
429,351,4.0,1351555200
14,535,5.0,1382486400
42,653,4.0,1382659200
361,76,4.0,1280102400
776,559,5.0,1368489600
208,258,4.0,1337040000
128,604,5.0,1382400000
378,144,4.0,1317168000
25,847,3.0,1395619200
92,473,4.0,1349654400
213,806,5.0,1400976000
141,628,5.0,1382918400
509,531,4.0,1379289600
163,822,4.0,1394064000
431,351,3.0,1354492800
850,409,4.0,1351296000
696,514,2.0,1360195200
161,483,5.0,1346025600
163,527,4.0,1371686400
636,238,5.0,1381795200
31,163,4.0,1316995200
887,518,2.0,1363046400
262,328,5.0,1350518400
450,438,4.0,1358899200
76,554,5.0,1382572800
376,431,5.0,1355011200
750,536,4.0,1363737600
673,330,5.0,1350345600
629,54,5.0,1338854400
315,387,4.0,1352937600
399,519,4.0,1364428800
828,786,5.0,1389484800
391,121,5.0,1321315200
665,317,4.0,1342656000
504,694,5.0,1381363200
778,590,3.0,1383091200
532,793,4.0,1384214400
202,820,4.0,1395187200
423,29,3.0,1374364800
605,702,2.0,1385510400
62,1,2.0,1331596800
11,843,3.0,1395532800
780,604,5.0,1380585600
634,543,5.0,1379030400
80,616,4.0,1395619200
891,481,3.0,1365984000
368,400,3.0,1350518400
488,586,2.0,1375142400
24,400,3.0,1350172800
164,634,4.0,1384128000
326,531,4.0,1372809600
112,106,3.0,1296518400
41,722,3.0,1384128000
708,77,4.0,1279756800
893,500,3.0,1366070400
233,716,5.0,1382918400
430,158,5.0,1335312000
744,510,3.0,1381968000
345,596,4.0,1387324800
4,603,5.0,1382745600
465,585,4.0,1390867200
517,279,3.0,1356480000
559,564,3.0,1381968000
301,372,5.0,1385337600
557,256,5.0,1317772800
676,166,4.0,1319500800
75,416,4.0,1360972800
823,717,5.0,1384992000
817,661,4.0,1375660800
580,269,5.0,1336953600
735,81,4.0,1302048000
895,793,5.0,1387324800
609,267,3.0,1326931200
398,348,4.0,1373673600
82,432,4.0,1344038400
640,839,4.0,1397260800
363,133,5.0,1321920000
611,629,5.0,1384732800
799,812,4.0,1403654400
625,141,5.0,1319673600
740,371,5.0,1387584000
143,526,2.0,1353628800
27,123,3.0,1317513600
194,310,5.0,1343260800
246,582,4.0,1382486400
564,376,5.0,1347840000
236,536,4.0,1359590400
107,766,4.0,1382659200
860,298,4.0,1330387200
749,377,2.0,1350950400
46,689,4.0,1377475200
638,71,4.0,1284940800
822,209,5.0,1321401600
556,406,4.0,1348704000
774,95,4.0,1285372800
630,87,4.0,1282780800
325,69,5.0,1314144000
876,457,4.0,1343174400
71,647,4.0,1369267200
805,307,4.0,1353369600
291,740,5.0,1376352000
392,627,5.0,1384732800
535,44,5.0,1243036800
35,0,4.0,1357257600
285,723,5.0,1381536000
433,779,5.0,1385942400
629,465,5.0,1346544000
240,829,3.0,1395014400
395,327,5.0,1344643200
209,323,3.0,1337126400
778,369,4.0,1353369600
598,603,3.0,1385337600
599,455,4.0,1343433600
752,501,4.0,1358985600
847,555,5.0,1381968000
239,612,4.0,1391731200
435,482,4.0,1347235200
137,817,5.0,1395878400
655,360,4.0,1351209600
194,9,3.0,1296518400
162,559,3.0,1365292800
643,228,5.0,1382486400
622,740,5.0,1378080000
122,394,2.0,1363564800
436,152,4.0,1391904000
836,812,3.0,1403136000
914,381,5.0,1350432000
70,134,5.0,1329696000
208,326,5.0,1358985600
634,604,5.0,1383436800
235,532,5.0,1375228800
814,469,5.0,1366156800
406,661,5.0,1372204800
593,270,4.0,1356739200
388,719,3.0,1377993600
336,778,4.0,1386979200
501,427,4.0,1352937600
917,695,4.0,1376524800
295,83,3.0,1292457600
863,823,4.0,1397606400
296,284,3.0,1330214400
175,541,5.0,1377820800
875,292,4.0,1329955200
678,605,4.0,1387411200
379,195,4.0,1315612800
346,561,3.0,1373932800
115,233,3.0,1317772800
577,176,4.0,1312761600
373,88,4.0,1387238400
294,661,3.0,1381968000
849,773,3.0,1385078400
321,120,2.0,1350432000
271,690,4.0,1385424000
282,73,3.0,1292284800
147,643,4.0,1383868800
87,418,4.0,1344643200
76,111,5.0,1398816000
533,628,5.0,1383091200
177,24,4.0,1228348800
862,221,4.0,1360195200
792,546,4.0,1376524800
92,4,5.0,1285977600
129,566,5.0,1372809600
75,432,3.0,1351123200
122,487,4.0,1343692800
275,677,5.0,1386633600
37,655,3.0,1387411200
537,76,3.0,1287619200
162,190,4.0,1385942400
637,866,2.0,1405814400
758,89,5.0,1294444800
202,681,4.0,1399593600
600,140,5.0,1342224000
387,771,3.0,1381449600
741,729,4.0,1376006400
236,703,5.0,1375747200
293,330,5.0,1352160000
361,569,4.0,1373846400
387,378,5.0,1343260800
374,769,5.0,1382486400
388,366,5.0,1343692800
537,305,5.0,1347667200
162,517,3.0,1365120000
417,168,4.0,1316649600
843,244,4.0,1318291200
293,765,4.0,1384560000
32,124,2.0,1308787200
634,352,5.0,1368403200
337,721,4.0,1379376000
516,558,5.0,1382832000
156,833,5.0,1397692800
583,362,3.0,1384646400
787,799,3.0,1400112000
807,116,4.0,1316649600
866,820,4.0,1391299200
159,479,4.0,1350518400
382,24,3.0,1229817600
61,285,2.0,1334102400
373,771,2.0,1380672000
484,57,5.0,1263859200
209,149,5.0,1343779200
676,72,4.0,1285113600
162,519,3.0,1364688000
330,287,5.0,1356566400
383,693,4.0,1381968000
642,718,5.0,1375401600
617,708,1.0,1377043200
556,323,5.0,1338163200
679,235,4.0,1383091200
126,835,4.0,1397692800
415,582,5.0,1383264000
697,321,4.0,1350345600
51,707,2.0,1382400000
210,137,4.0,1335916800
854,721,1.0,1378944000
387,740,5.0,1374710400
600,553,4.0,1384473600
358,562,4.0,1389398400
350,97,3.0,1288569600
477,170,5.0,1316563200
759,730,5.0,1377043200
652,245,5.0,1316476800
145,592,5.0,1384905600
8,28,4.0,1355529600
328,59,5.0,1352764800
639,801,4.0,1389484800
406,251,5.0,1318550400
570,107,5.0,1290470400
907,696,4.0,1377129600
16,308,5.0,1341360000
530,436,2.0,1344643200
676,858,3.0,1398124800
42,523,5.0,1360022400
605,547,5.0,1385251200
864,163,4.0,1317254400
817,488,5.0,1360108800
825,577,4.0,1383696000
38,375,4.0,1346284800
399,522,4.0,1364428800
429,149,5.0,1342656000
695,766,5.0,1381881600
704,224,3.0,1308873600
845,436,5.0,1344038400
235,546,4.0,1381968000
536,572,3.0,1377475200
859,155,3.0,1337126400
352,575,5.0,1384992000
597,739,4.0,1381622400
598,490,2.0,1367539200
678,491,4.0,1361318400
842,656,4.0,1379462400
288,97,5.0,1291593600
3,502,4.0,1385510400
876,755,5.0,1379721600
709,323,4.0,1336608000
252,526,4.0,1355097600
106,130,4.0,1315440000
399,527,3.0,1361836800
386,638,4.0,1379894400
252,371,4.0,1387238400
60,634,4.0,1382486400
171,786,4.0,1390262400
145,196,5.0,1319932800
179,502,4.0,1388361600
549,723,4.0,1383436800
378,815,4.0,1393977600
616,53,4.0,1351036800
101,64,4.0,1279756800
329,558,5.0,1383177600
493,220,2.0,1320883200
905,326,4.0,1360713600
371,494,3.0,1353196800
435,237,4.0,1353283200
781,451,3.0,1345075200
491,52,4.0,1350432000
785,628,5.0,1382659200
780,749,4.0,1379462400
157,135,5.0,1350432000
744,576,4.0,1386028800
540,199,3.0,1329868800
125,801,4.0,1389657600
505,40,5.0,1228694400
257,753,4.0,1380153600
669,81,5.0,1358380800
99,770,4.0,1381968000
885,762,5.0,1383955200
379,776,4.0,1388880000
598,700,2.0,1384646400
341,106,5.0,1292457600
520,866,4.0,1404345600
571,815,4.0,1395878400
296,745,4.0,1379376000
489,37,4.0,1386720000
661,295,5.0,1330041600
879,419,4.0,1352851200
574,136,3.0,1311811200
543,700,3.0,1377993600
733,666,3.0,1380067200
516,732,5.0,1385596800
470,370,5.0,1350864000
792,439,4.0,1361404800
393,398,4.0,1343260800
919,847,4.0,1395273600
396,421,5.0,1362355200
606,131,4.0,1388448000
741,489,2.0,1343779200
18,622,4.0,1375833600
315,32,4.0,1358294400
414,82,1.0,1289088000
441,288,4.0,1342396800
483,44,5.0,1222214400
38,697,4.0,1382745600
133,188,4.0,1349740800
41,391,5.0,1352678400
782,179,4.0,1364256000
907,836,4.0,1393891200
531,72,4.0,1342656000
146,722,4.0,1378684800
125,317,5.0,1355961600
364,384,5.0,1348099200
145,678,4.0,1376179200
43,523,3.0,1364860800
85,47,5.0,1219708800
457,251,5.0,1319068800
631,553,3.0,1385251200
600,637,5.0,1374364800
157,8,4.0,1365120000
788,174,4.0,1382140800
159,659,5.0,1380931200
91,474,2.0,1348704000
802,288,5.0,1333497600
641,780,5.0,1379894400
594,686,5.0,1373500800
341,21,3.0,1335571200
31,820,5.0,1389225600
386,67,4.0,1290038400
863,571,4.0,1378857600
413,487,4.0,1343433600
95,281,4.0,1330560000
783,647,4.0,1366588800
436,30,5.0,1353801600
917,818,4.0,1404259200
5,729,2.0,1375315200
919,724,4.0,1381968000
189,752,5.0,1378339200
243,237,3.0,1352937600
483,256,4.0,1319673600
713,158,5.0,1335398400
257,335,5.0,1335312000
132,179,5.0,1317168000
464,767,3.0,1397606400
37,768,5.0,1387238400
679,606,4.0,1374537600
595,397,5.0,1373328000
592,370,4.0,1345766400
197,810,3.0,1400112000
361,783,2.0,1379376000
597,126,4.0,1290470400
686,118,4.0,1315872000
355,83,5.0,1282780800
43,25,4.0,1360108800
528,612,5.0,1392249600
549,180,5.0,1315872000
791,491,4.0,1352419200
436,649,4.0,1382313600
539,421,5.0,1359849600
259,575,5.0,1384041600
823,569,3.0,1375833600
805,305,5.0,1348099200
216,720,4.0,1374451200
11,0,4.0,1357084800
372,23,4.0,1356566400
47,172,4.0,1324857600
209,726,1.0,1375833600
73,228,4.0,1383091200
808,420,4.0,1352937600
468,853,4.0,1405728000
532,124,4.0,1317254400
154,266,2.0,1322870400
164,118,4.0,1315785600
516,603,5.0,1385596800
44,721,5.0,1379548800
37,85,5.0,1282694400
622,335,5.0,1337299200
911,792,4.0,1403136000
758,520,4.0,1363478400
907,813,4.0,1398643200
624,648,4.0,1386460800
398,646,4.0,1370908800
174,8,5.0,1359936000
292,16,5.0,1352937600
164,570,4.0,1362873600
31,632,3.0,1383091200
142,610,3.0,1405987200
22,498,5.0,1359504000
89,277,4.0,1350950400
476,532,4.0,1374624000
464,150,3.0,1341532800
233,12,4.0,1354060800
285,676,5.0,1384992000
469,713,4.0,1381881600
378,611,5.0,1386115200
308,156,4.0,1349222400
805,557,4.0,1366070400
826,833,4.0,1395273600
380,48,5.0,1375920000
204,384,5.0,1346025600
198,312,4.0,1351987200
29,319,3.0,1336867200
181,292,5.0,1335398400
555,838,4.0,1393372800
485,432,4.0,1343260800
418,521,3.0,1366070400
365,530,5.0,1357603200
917,627,4.0,1387238400
592,177,3.0,1314921600
214,541,5.0,1379116800
451,825,4.0,1392854400
288,139,5.0,1321142400
41,232,5.0,1316822400
36,502,2.0,1387324800
377,693,4.0,1383609600
37,456,5.0,1353283200
531,655,4.0,1387238400
432,284,5.0,1331769600
195,9,1.0,1353456000
374,198,5.0,1315180800
369,784,3.0,1386201600
41,547,3.0,1382832000
913,617,3.0,1379548800
516,768,5.0,1383004800
384,201,4.0,1315440000
394,26,4.0,1386547200
802,519,3.0,1364860800
174,304,4.0,1368576000
630,316,4.0,1337817600
828,833,5.0,1396396800
348,175,5.0,1309046400
170,112,4.0,1349395200
789,255,1.0,1321747200
439,301,4.0,1346716800
61,1,3.0,1323648000
109,768,5.0,1384300800
882,289,2.0,1330732800
688,671,3.0,1381881600
696,765,1.0,1380153600
22,629,4.0,1383091200
507,336,4.0,1361923200
214,814,4.0,1395100800
679,616,4.0,1395792000
557,638,5.0,1381363200
557,774,4.0,1396656000
544,833,4.0,1394582400
200,532,5.0,1377302400
576,50,5.0,1338422400
387,590,3.0,1383955200
193,602,3.0,1383264000
847,367,3.0,1349481600
819,418,4.0,1346630400
516,785,5.0,1390953600
309,739,4.0,1387843200
113,173,5.0,1311724800
110,7,5.0,1385510400
272,427,5.0,1348099200
575,765,3.0,1385164800
355,214,5.0,1361404800
269,294,3.0,1330041600
584,559,5.0,1365984000
485,461,5.0,1356307200
775,150,4.0,1340755200
119,194,3.0,1315526400
523,64,4.0,1279584000
684,697,4.0,1386633600
690,65,4.0,1291680000
419,772,5.0,1384992000
899,571,4.0,1375228800
659,443,5.0,1363824000
805,421,5.0,1351468800
35,574,4.0,1380326400
267,587,4.0,1389744000
338,511,4.0,1396137600
434,740,5.0,1397606400
253,405,3.0,1349913600
174,37,5.0,1385424000
415,316,5.0,1337904000
234,84,5.0,1363824000
775,642,5.0,1372636800
26,61,5.0,1383350400
883,190,4.0,1387324800
399,603,5.0,1387411200
598,447,5.0,1361491200
253,14,4.0,1349913600
149,859,4.0,1403222400
89,468,4.0,1362355200
487,205,5.0,1316649600
152,407,4.0,1350864000
292,327,5.0,1345680000
315,610,3.0,1404000000
275,309,5.0,1351036800
640,450,5.0,1350777600
17,83,4.0,1284422400
638,303,5.0,1344556800
20,854,5.0,1396137600
444,30,5.0,1351123200
162,398,4.0,1346716800
520,740,4.0,1374969600
335,796,4.0,1405296000
158,123,4.0,1318377600
246,61,4.0,1382486400
627,404,4.0,1379376000
246,750,4.0,1374883200
717,532,4.0,1379203200
45,747,3.0,1387065600
249,342,4.0,1353715200
567,65,4.0,1290470400
208,266,4.0,1323561600
682,204,4.0,1314403200
132,166,5.0,1319068800
464,620,2.0,1386115200
174,486,5.0,1353283200
77,2,5.0,1357862400
227,725,3.0,1377561600
172,601,5.0,1382572800
638,103,2.0,1291593600
46,0,5.0,1357257600
574,141,4.0,1321056000
365,812,3.0,1399939200
380,707,2.0,1381190400
512,291,4.0,1352851200
83,667,5.0,1375315200
453,219,5.0,1326067200
203,507,4.0,1361404800
794,408,3.0,1350864000
818,738,2.0,1387584000
19,244,4.0,1320710400
646,607,5.0,1377302400
341,85,4.0,1284681600
202,194,4.0,1316044800
324,831,3.0,1397692800
300,712,3.0,1381708800
655,827,5.0,1392681600
365,150,5.0,1342483200
379,97,3.0,1290038400
77,374,5.0,1332720000
453,781,5.0,1380844800
243,62,4.0,1383868800
866,365,5.0,1345766400
109,4,3.0,1287446400
430,608,4.0,1388016000
117,115,4.0,1328227200
426,169,4.0,1327449600
608,526,4.0,1352505600
290,471,5.0,1363824000
831,513,5.0,1360800000
460,718,1.0,1374105600
580,731,4.0,1377302400
188,844,3.0,1397865600
691,560,5.0,1376092800
676,573,5.0,1385078400
489,196,4.0,1316563200
117,790,4.0,1401667200
210,317,4.0,1339632000
487,523,5.0,1361404800
629,841,5.0,1404345600
160,710,1.0,1377302400
617,305,3.0,1348704000
205,23,2.0,1357171200
440,293,2.0,1331251200
340,521,3.0,1365379200
405,27,3.0,1385942400
146,674,5.0,1372636800
168,28,4.0,1354147200
796,869,3.0,1404777600
606,317,5.0,1338768000
218,11,4.0,1344988800
141,526,5.0,1351555200
716,674,5.0,1375142400
792,497,4.0,1353196800
772,177,4.0,1321747200
753,547,4.0,1383436800
279,114,5.0,1315872000
766,857,5.0,1395964800
297,311,5.0,1348099200
156,118,5.0,1316736000
49,473,5.0,1349481600
541,169,3.0,1318723200
35,573,5.0,1385078400
151,114,4.0,1316044800
382,780,3.0,1381881600
609,792,3.0,1400112000
732,115,4.0,1314748800
647,106,4.0,1312761600
350,359,2.0,1380067200
102,135,5.0,1349913600
343,380,3.0,1355356800
75,562,4.0,1392768000
786,182,3.0,1345075200
893,304,4.0,1365465600
181,520,4.0,1368662400
399,404,3.0,1350518400
421,133,5.0,1321488000
750,478,4.0,1348704000
905,340,5.0,1360713600
398,704,5.0,1377907200
224,11,5.0,1358553600
167,793,5.0,1383091200
440,391,5.0,1353974400
385,669,4.0,1384041600
629,817,4.0,1393977600
193,674,3.0,1372896000
897,233,5.0,1316563200
35,364,5.0,1387584000
727,321,4.0,1341187200
754,86,5.0,1282608000
533,763,5.0,1383091200
429,165,4.0,1316563200
668,833,5.0,1394755200
249,423,4.0,1349136000
790,420,4.0,1353369600
240,640,5.0,1384819200
517,758,4.0,1380067200
500,268,3.0,1313971200
268,569,4.0,1372464000
417,118,5.0,1314748800
536,240,4.0,1318982400
37,384,5.0,1345507200
242,799,5.0,1400889600
433,36,4.0,1381449600
759,631,5.0,1380153600
339,452,5.0,1348012800
76,135,5.0,1350432000
557,94,5.0,1292457600
321,454,2.0,1363651200
352,511,5.0,1394323200
190,85,4.0,1284595200
205,142,5.0,1320796800
184,167,5.0,1318550400
725,78,4.0,1281916800
558,718,4.0,1376352000
887,343,4.0,1353888000
295,379,2.0,1356652800
535,93,3.0,1287273600
836,255,4.0,1314144000
296,531,4.0,1370995200
381,768,5.0,1384560000
514,41,5.0,1353888000
766,334,5.0,1342137600
792,409,4.0,1352592000
797,331,4.0,1343260800
28,659,4.0,1385337600
268,635,5.0,1372464000
298,322,2.0,1341273600
76,231,5.0,1317772800
452,264,1.0,1322784000
138,854,5.0,1393200000
504,122,4.0,1296086400
717,702,2.0,1387238400
115,49,5.0,1292457600
298,276,5.0,1335830400
486,820,5.0,1389484800
51,574,4.0,1381190400
515,522,5.0,1368144000
822,559,3.0,1363737600
26,655,5.0,1385164800
753,747,4.0,1385424000
47,833,5.0,1396310400
97,693,4.0,1384387200
581,783,4.0,1379376000
619,339,4.0,1338595200
111,4,4.0,1286064000
562,532,4.0,1374624000
109,57,4.0,1264032000
143,830,2.0,1394668800
236,148,5.0,1354579200
55,310,5.0,1345593600
537,179,4.0,1314748800
342,708,3.0,1375574400
75,535,4.0,1384214400
415,808,2.0,1399507200
18,72,4.0,1301616000
268,594,5.0,1382313600
203,475,4.0,1346630400
504,418,5.0,1345680000
717,541,5.0,1381449600
232,487,3.0,1345420800
564,626,5.0,1375228800
255,285,2.0,1329955200
418,297,3.0,1351728000
38,393,4.0,1349136000
912,752,5.0,1374710400
548,772,5.0,1381968000
785,477,5.0,1348704000
0,433,5.0,1349740800
71,370,5.0,1348704000
147,11,5.0,1340841600
887,457,3.0,1341878400
802,183,4.0,1318982400
684,648,4.0,1386633600
730,584,4.0,1378080000
338,342,4.0,1357344000
258,532,5.0,1375660800
920,641,4.0,1372291200
76,660,4.0,1381190400
238,847,4.0,1396396800
222,364,5.0,1386201600
149,427,4.0,1345766400
201,329,5.0,1343174400
833,267,4.0,1325030400
271,330,4.0,1352246400
214,785,5.0,1391817600
920,632,4.0,1384214400
494,698,4.0,1380153600
752,127,4.0,1317254400
151,702,3.0,1385510400
154,118,5.0,1340409600
109,141,5.0,1321056000
235,111,5.0,1399334400
573,214,5.0,1362009600
103,3,4.0,1293321600
388,736,1.0,1381536000
404,723,4.0,1380412800
43,748,4.0,1379462400
771,672,4.0,1376352000
153,590,4.0,1388361600
793,612,4.0,1390694400
285,450,5.0,1347926400
611,57,2.0,1263081600
447,80,4.0,1284595200
20,574,2.0,1380931200
426,389,2.0,1360972800
455,404,5.0,1355270400
733,725,4.0,1377561600
775,751,5.0,1380672000
47,740,5.0,1377043200
301,331,5.0,1345593600
372,838,4.0,1394409600
399,458,4.0,1344988800
604,52,5.0,1349827200
66,1,3.0,1327708800
121,553,4.0,1383264000
125,784,3.0,1385942400
455,715,5.0,1380153600
163,253,4.0,1338508800
280,752,5.0,1376352000
151,732,4.0,1383523200
694,628,5.0,1382313600
570,108,5.0,1290470400
895,511,5.0,1397606400
125,632,3.0,1385942400
278,634,5.0,1386028800
799,567,3.0,1372464000
204,224,4.0,1309305600
404,680,4.0,1374019200
163,672,5.0,1373932800
143,668,3.0,1376438400
439,517,4.0,1361923200
627,835,4.0,1397692800
286,253,4.0,1337817600
789,122,5.0,1288051200
668,432,4.0,1350777600
63,712,4.0,1383177600
157,79,4.0,1279497600
256,269,5.0,1336176000
120,199,3.0,1318982400
210,278,4.0,1403136000
821,431,4.0,1364342400
301,140,5.0,1344902400
329,573,5.0,1382572800
360,56,5.0,1322352000
149,481,5.0,1356480000
543,191,5.0,1319673600
716,444,5.0,1349049600
129,807,4.0,1399420800
593,337,5.0,1341014400
343,94,4.0,1292371200
3,759,4.0,1382400000
84,93,3.0,1287619200
6,491,5.0,1351987200
318,496,3.0,1392163200
430,239,5.0,1316131200
849,317,5.0,1339718400
279,212,4.0,1318982400
824,307,3.0,1352678400
426,641,4.0,1375142400
630,54,2.0,1337817600
712,234,5.0,1317168000
18,666,4.0,1378857600
506,39,5.0,1227657600
167,379,5.0,1346457600
783,312,4.0,1349481600
777,98,4.0,1292284800
613,708,2.0,1377388800
278,684,5.0,1378512000
877,671,4.0,1379289600
742,635,5.0,1373587200
911,661,4.0,1375660800
761,499,5.0,1358380800
3,854,5.0,1395878400
399,814,4.0,1397692800
803,118,5.0,1314144000
141,534,5.0,1381276800
296,634,3.0,1383696000
456,740,4.0,1375747200
573,473,2.0,1348531200
125,844,3.0,1397692800
235,574,4.0,1380153600
880,804,4.0,1403136000
682,273,5.0,1351036800
365,289,5.0,1329868800
81,568,5.0,1377648000
168,8,5.0,1354147200
755,215,4.0,1335398400
813,798,5.0,1403481600
776,196,4.0,1316476800
557,670,5.0,1374019200
323,421,5.0,1351555200
256,270,5.0,1351382400
717,493,4.0,1367193600
36,0,4.0,1353974400
208,192,4.0,1316563200
286,267,4.0,1322611200
200,336,4.0,1353196800
98,33,5.0,1322524800
268,656,4.0,1378598400
745,464,4.0,1346112000
83,692,5.0,1382486400
186,833,5.0,1396915200
383,542,4.0,1360886400
546,72,4.0,1285632000
338,846,3.0,1395100800
659,734,4.0,1382400000
562,613,4.0,1382486400
648,211,3.0,1319673600
909,803,4.0,1400198400
514,664,5.0,1375401600
246,231,5.0,1318377600
755,843,5.0,1397779200
445,693,5.0,1383091200
723,183,4.0,1306886400
202,316,4.0,1340150400
627,551,5.0,1383696000
61,141,4.0,1321574400
538,173,3.0,1321401600
24,323,5.0,1337040000
595,849,5.0,1392249600
892,695,5.0,1375660800
3,54,2.0,1338336000
382,323,5.0,1337731200
742,501,4.0,1361404800
775,746,5.0,1378166400
828,859,3.0,1402444800
499,657,5.0,1380844800
537,603,5.0,1383696000
308,245,5.0,1318723200
722,398,4.0,1367452800
340,789,4.0,1398729600
742,263,4.0,1335139200
412,313,4.0,1339027200
591,560,3.0,1375833600
248,13,5.0,1106179200
531,437,4.0,1386547200
288,57,5.0,1262736000
223,106,4.0,1293667200
131,6,4.0,1349740800
814,485,4.0,1351728000
126,113,5.0,1361750400
316,157,4.0,1365120000
23,226,4.0,1318118400
161,11,5.0,1340668800
154,402,3.0,1349308800
246,550,5.0,1374019200
22,562,4.0,1389052800
691,265,5.0,1353974400
776,740,5.0,1378339200
186,769,5.0,1384473600
880,666,2.0,1373068800
638,707,4.0,1383177600
618,153,4.0,1325030400
702,785,4.0,1390867200
538,676,3.0,1383696000
543,686,5.0,1376438400
531,652,4.0,1387238400
217,452,5.0,1348790400
440,170,3.0,1317772800
443,142,5.0,1321401600
584,585,4.0,1392768000
428,450,4.0,1345680000
243,694,4.0,1381190400
169,580,4.0,1385856000
781,842,3.0,1397692800
41,451,3.0,1344384000
822,647,5.0,1368576000
445,326,5.0,1359072000
847,690,5.0,1384992000
768,596,3.0,1385337600
692,854,4.0,1395273600
455,345,4.0,1345248000
429,29,4.0,1379548800
714,704,4.0,1380153600
831,766,5.0,1384819200
322,305,4.0,1348099200
131,769,4.0,1383091200
151,533,4.0,1375660800
3,635,5.0,1373241600
888,532,4.0,1372032000
603,531,4.0,1376956800
462,290,5.0,1331078400
11,732,4.0,1382918400
556,303,5.0,1342656000
355,611,5.0,1387324800
110,66,5.0,1281657600
323,153,5.0,1318809600
816,266,3.0,1322956800
113,410,5.0,1348099200
515,662,4.0,1384992000
616,170,3.0,1324425600
188,8,4.0,1355184000
370,707,3.0,1375488000
29,133,4.0,1324339200
792,602,5.0,1361923200
118,463,4.0,1352937600
240,730,3.0,1376179200
644,57,5.0,1262822400
751,752,2.0,1375228800
549,677,5.0,1377907200
67,847,3.0,1393459200
834,355,5.0,1355529600
353,283,2.0,1360886400
65,1,3.0,1325980800
690,738,2.0,1386979200
44,769,5.0,1388188800
827,225,3.0,1314921600
848,560,5.0,1376784000
412,59,5.0,1351123200
472,35,5.0,1316649600
635,82,4.0,1300147200
648,81,5.0,1313539200
313,776,4.0,1391212800
890,208,4.0,1323907200
258,601,4.0,1383350400
638,866,5.0,1405814400
666,811,5.0,1403049600
234,316,3.0,1338595200
92,460,5.0,1344643200
333,291,3.0,1332288000
883,661,5.0,1373241600
386,642,5.0,1375315200
333,51,4.0,1354147200
828,740,4.0,1377129600
186,783,1.0,1381622400
784,100,2.0,1379462400
426,63,3.0,1381622400
680,62,5.0,1385510400
123,599,4.0,1383436800
230,639,3.0,1386720000
179,259,4.0,1331769600
518,370,5.0,1345420800
732,220,5.0,1327536000
702,802,3.0,1403049600
203,671,3.0,1381968000
390,383,5.0,1348099200
552,142,5.0,1320278400
445,474,5.0,1368489600
860,595,4.0,1377129600
355,776,4.0,1390953600
530,842,4.0,1394496000
287,793,5.0,1383091200
560,362,5.0,1386633600
85,258,4.0,1335484800
204,95,3.0,1294531200
559,649,4.0,1384819200
907,338,3.0,1340755200
559,251,3.0,1317168000
446,720,5.0,1373155200
538,50,4.0,1340841600
817,470,4.0,1363910400
434,98,3.0,1290384000
628,672,1.0,1372204800
698,68,5.0,1280016000
498,558,5.0,1380067200
630,458,4.0,1343088000
123,652,1.0,1384905600
128,305,5.0,1346544000
365,658,4.0,1383177600
139,859,4.0,1403222400
42,231,5.0,1316563200
623,174,1.0,1384819200
110,219,4.0,1324512000
193,304,4.0,1355875200
618,100,2.0,1377129600
470,702,3.0,1379548800
259,610,3.0,1403913600
99,3,4.0,1336003200
86,566,4.0,1374192000
778,768,3.0,1383091200
595,643,5.0,1384041600
278,508,1.0,1360800000
46,101,2.0,1282694400
618,456,4.0,1358640000
287,734,5.0,1382572800
301,130,5.0,1317168000
58,19,4.0,1339027200
880,401,2.0,1348790400
62,222,4.0,1328400000
848,350,5.0,1381968000
836,571,3.0,1378166400
775,748,4.0,1377129600
469,35,4.0,1345680000
401,688,5.0,1372291200
148,321,2.0,1341273600
167,325,5.0,1349308800
887,198,4.0,1369267200
125,341,3.0,1368489600
582,436,3.0,1344988800
20,422,3.0,1383436800
7,545,5.0,1377302400
845,573,5.0,1387411200
288,532,5.0,1375920000
817,684,5.0,1377475200
193,444,5.0,1348617600
312,239,2.0,1339027200
701,139,5.0,1326585600
417,365,4.0,1346025600
75,30,4.0,1351123200
539,835,3.0,1394323200
387,682,4.0,1395878400
771,661,4.0,1376352000
471,301,4.0,1347321600
8,776,4.0,1389830400
50,99,4.0,1290729600
5,689,4.0,1380067200
40,241,5.0,1318118400
149,76,4.0,1282089600
362,545,5.0,1395705600
517,522,2.0,1368057600
445,152,5.0,1391817600
431,554,3.0,1381968000
593,324,4.0,1350432000
464,345,3.0,1333670400
105,588,5.0,1379980800
291,163,3.0,1317168000
153,669,3.0,1384300800
703,531,5.0,1370217600
17,427,4.0,1351641600
642,657,5.0,1379030400
599,825,3.0,1391040000
470,752,5.0,1379376000
657,57,5.0,1261612800
80,44,3.0,1223769600
830,168,4.0,1317686400
396,811,5.0,1402963200
880,661,4.0,1373068800
560,573,5.0,1385856000
47,639,4.0,1388016000
566,99,4.0,1291161600
327,240,1.0,1320883200
507,338,4.0,1342396800
638,638,5.0,1380153600
338,237,4.0,1365897600
22,465,5.0,1377907200
694,153,5.0,1322265600
543,687,4.0,1376438400
631,573,4.0,1385856000
504,769,4.0,1384473600
717,722,3.0,1385942400
335,654,3.0,1379376000
907,631,4.0,1378771200
878,230,4.0,1321574400
318,280,3.0,1326412800
507,209,4.0,1324425600
590,338,5.0,1341187200
49,382,5.0,1347148800
216,351,5.0,1346025600
845,776,5.0,1392768000
604,564,5.0,1378684800
25,482,5.0,1345593600
82,557,2.0,1362009600
918,512,5.0,1385337600
576,654,1.0,1379548800
8,501,5.0,1361145600
772,555,3.0,1380412800
373,689,5.0,1377734400
883,747,4.0,1386892800
899,828,5.0,1394496000
256,336,5.0,1351641600
475,662,5.0,1382400000
862,516,5.0,1359504000
342,750,5.0,1373673600
681,635,5.0,1374105600
357,322,4.0,1336608000
243,291,4.0,1335398400
689,838,4.0,1394668800
685,784,3.0,1387065600
643,87,5.0,1284595200
166,418,4.0,1363651200
290,17,5.0,1341187200
724,87,4.0,1282867200
899,452,5.0,1345593600
462,33,5.0,1323043200
637,612,3.0,1392076800
400,482,4.0,1356566400
42,152,4.0,1388361600
488,278,5.0,1403049600
191,788,4.0,1403049600
42,0,5.0,1357084800
541,631,3.0,1381881600
351,553,3.0,1384473600
75,377,4.0,1347062400
309,456,5.0,1353110400
311,138,5.0,1352419200
246,607,4.0,1377820800
489,111,4.0,1401840000
450,251,4.0,1317859200
109,40,4.0,1229385600
204,633,5.0,1383696000
806,439,4.0,1359504000
596,165,3.0,1332374400
637,56,4.0,1326931200
717,136,3.0,1311638400
341,59,5.0,1351123200
136,266,4.0,1322092800
70,525,3.0,1361491200
312,568,4.0,1379462400
819,661,5.0,1374019200
91,351,4.0,1346371200
141,818,4.0,1404432000
134,730,3.0,1377561600
569,291,4.0,1333411200
18,370,5.0,1346976000
482,37,5.0,1384387200
38,646,4.0,1370044800
507,400,3.0,1353369600
38,143,3.0,1320451200
202,338,5.0,1345075200
51,573,4.0,1383004800
189,628,5.0,1388016000
795,752,5.0,1378339200
79,475,3.0,1352851200
889,488,3.0,1356566400
258,14,4.0,1350172800
528,95,5.0,1289347200
20,107,2.0,1298937600
804,542,3.0,1365292800
230,286,3.0,1343347200
733,465,4.0,1381276800
306,791,4.0,1398729600
369,570,5.0,1363219200
758,338,4.0,1342569600
430,285,3.0,1330732800
489,468,4.0,1363219200
208,827,4.0,1393632000
896,858,4.0,1399248000
814,702,4.0,1380153600
436,683,4.0,1383436800
403,482,5.0,1346284800
211,244,4.0,1316476800
431,29,2.0,1375228800
68,847,3.0,1393200000
839,299,5.0,1350518400
296,651,3.0,1388448000
366,22,2.0,1161648000
853,306,4.0,1348531200
412,772,4.0,1386460800
155,453,5.0,1343692800
317,32,4.0,1355184000
748,412,5.0,1351987200
174,490,3.0,1362009600
267,402,5.0,1350432000
141,606,5.0,1372464000
18,719,4.0,1379376000
522,75,5.0,1282176000
12,540,5.0,1388448000
56,70,4.0,1314316800
332,409,5.0,1351296000
151,264,2.0,1337558400
849,731,4.0,1377129600
732,230,3.0,1319068800
641,456,4.0,1361318400
365,821,5.0,1386720000
315,229,3.0,1317513600
8,738,4.0,1387152000
593,326,5.0,1355270400
470,401,3.0,1350950400
323,799,3.0,1399248000
1,613,4.0,1382745600
416,502,3.0,1386115200
175,864,5.0,1404518400
341,195,3.0,1316044800
154,8,4.0,1365897600
436,267,3.0,1324512000
42,771,4.0,1382745600
720,603,5.0,1384041600
133,603,5.0,1384214400
402,141,4.0,1329436800
376,779,5.0,1382572800
335,747,5.0,1386720000
48,655,4.0,1383782400
41,804,3.0,1398988800
190,240,3.0,1319068800
295,33,4.0,1331769600
399,674,4.0,1374537600
820,126,5.0,1288828800
182,717,4.0,1383004800
386,528,5.0,1363564800
825,131,3.0,1387238400
802,680,4.0,1373241600
285,569,4.0,1374105600
411,71,4.0,1281657600
594,728,5.0,1377648000
695,128,3.0,1318464000
128,365,5.0,1346198400
841,208,5.0,1331424000
780,802,4.0,1398902400
351,770,3.0,1383868800
286,472,4.0,1352937600
312,686,4.0,1376438400
766,335,5.0,1335312000
178,127,3.0,1317081600
741,268,3.0,1315094400
128,450,5.0,1345852800
855,586,3.0,1381795200
225,174,2.0,1383868800
470,407,4.0,1350864000
168,156,5.0,1349136000
246,340,4.0,1358812800
777,787,5.0,1398124800
235,258,5.0,1336867200
834,853,5.0,1399593600
623,179,5.0,1316563200
123,82,5.0,1288224000
413,337,5.0,1338422400
338,372,4.0,1377388800
460,167,4.0,1326931200
848,189,2.0,1327363200
604,563,3.0,1379030400
640,175,5.0,1311033600
554,336,5.0,1348617600
798,211,4.0,1317168000
336,282,5.0,1330128000
284,252,5.0,1361923200
11,558,5.0,1377302400
80,333,5.0,1349049600
806,553,4.0,1387411200
682,313,5.0,1341705600
522,677,4.0,1375747200
721,134,4.0,1316044800
287,520,4.0,1362096000
370,23,3.0,1356652800
20,802,4.0,1398816000
476,504,5.0,1384214400
105,174,2.0,1330387200
895,829,4.0,1400025600
42,705,5.0,1383091200
71,1,5.0,1329955200
140,15,5.0,1338422400
169,681,4.0,1397692800
161,559,5.0,1361923200
286,688,5.0,1369872000
377,225,3.0,1314057600
220,546,3.0,1377993600
517,319,5.0,1348704000
387,718,4.0,1373155200
425,870,5.0,1404172800
77,230,5.0,1319673600
110,332,5.0,1340236800
252,203,4.0,1316044800
764,92,5.0,1279670400
362,707,4.0,1382918400
491,815,3.0,1397606400
183,784,4.0,1385510400
805,376,5.0,1348099200
148,164,3.0,1343088000
781,497,3.0,1358899200
99,354,5.0,1351123200
584,702,4.0,1386633600
635,149,3.0,1352073600
295,710,1.0,1384992000
606,164,3.0,1338768000
549,765,3.0,1388448000
824,634,3.0,1386028800
680,677,4.0,1378944000
128,771,4.0,1382400000
187,260,5.0,1317254400
663,738,2.0,1383264000
271,32,4.0,1360800000
377,779,4.0,1386806400
214,172,4.0,1324944000
403,569,4.0,1373414400
477,484,5.0,1346112000
37,98,5.0,1290211200
442,629,5.0,1381276800
341,190,5.0,1380672000
547,141,4.0,1321488000
546,700,1.0,1385337600
319,854,4.0,1396137600
193,261,5.0,1316649600
324,739,4.0,1387152000
148,169,4.0,1317686400
396,768,5.0,1385337600
200,605,5.0,1386806400
797,531,4.0,1370304000
90,14,4.0,1349827200
474,35,4.0,1239580800
412,125,2.0,1310947200
147,329,5.0,1339718400
205,140,5.0,1342656000
58,417,5.0,1344297600
41,347,4.0,1358553600
159,835,5.0,1397433600
319,19,4.0,1344988800
361,811,5.0,1399852800
640,88,4.0,1387497600
534,362,3.0,1380931200
358,322,4.0,1335312000
156,857,5.0,1397692800
315,590,3.0,1383955200
454,389,3.0,1349308800
188,761,5.0,1387324800
356,251,3.0,1317168000
103,230,4.0,1317081600
640,107,1.0,1305676800
453,234,5.0,1321488000
186,698,3.0,1379635200
568,290,2.0,1336089600
214,325,5.0,1351728000
169,324,4.0,1349568000
611,53,5.0,1350172800
431,209,4.0,1331769600
2,300,3.0,1350604800
280,643,5.0,1382659200
900,782,4.0,1384128000
241,58,5.0,1317513600
631,244,5.0,1316563200
656,418,5.0,1343692800
121,843,4.0,1395187200
37,707,2.0,1383782400
557,387,3.0,1350086400
90,503,3.0,1367971200
663,58,5.0,1383264000
298,517,5.0,1365120000
205,440,3.0,1395619200
406,593,5.0,1382832000
768,133,2.0,1319760000
805,836,5.0,1395619200
50,114,5.0,1330214400
367,318,5.0,1337731200
599,637,5.0,1373068800
608,618,4.0,1385510400
804,690,4.0,1386201600
755,86,5.0,1282694400
429,708,4.0,1377475200
696,215,4.0,1314316800
89,720,5.0,1373414400
341,602,5.0,1383004800
460,696,3.0,1380153600
286,774,4.0,1396396800
571,498,5.0,1361318400
865,544,3.0,1377561600
723,855,5.0,1389830400
466,452,4.0,1348185600
474,574,3.0,1382400000
269,386,4.0,1348099200
662,275,5.0,1403308800
323,303,3.0,1344816000
92,663,5.0,1381276800
173,324,5.0,1349913600
145,322,4.0,1337040000
305,36,5.0,1381708800
442,666,4.0,1372809600
497,610,5.0,1404000000
83,651,5.0,1387238400
474,264,1.0,1318723200
716,656,3.0,1378080000
230,303,4.0,1343347200
780,421,5.0,1351296000
374,142,5.0,1321056000
528,775,4.0,1397606400
365,741,5.0,1383177600
672,509,5.0,1360022400
121,101,3.0,1283472000
778,323,5.0,1336694400
678,197,3.0,1316649600
396,326,5.0,1355702400
448,137,4.0,1345075200
444,380,5.0,1348704000
881,737,5.0,1379635200
254,230,3.0,1317168000
374,34,4.0,1317600000
823,806,4.0,1404086400
662,367,2.0,1352764800
204,835,5.0,1395360000
103,335,5.0,1337040000
531,372,5.0,1387324800
459,35,4.0,1320278400
283,186,5.0,1314748800
71,155,4.0,1337212800
614,750,5.0,1372291200
460,229,3.0,1326931200
579,642,4.0,1376265600
267,131,4.0,1389744000
221,783,3.0,1377820800
842,606,4.0,1374019200
759,641,4.0,1375142400
209,748,5.0,1379980800
29,191,4.0,1315958400
404,695,5.0,1377993600
525,547,4.0,1383523200
550,352,5.0,1349222400
811,596,5.0,1382227200
298,823,5.0,1397692800
440,677,4.0,1376352000
529,44,5.0,1222300800
703,600,5.0,1383868800
295,80,4.0,1284163200
499,461,5.0,1348704000
736,191,4.0,1316044800
782,517,3.0,1368576000
468,403,4.0,1356739200
358,21,4.0,1336694400
605,151,4.0,1321488000
636,338,5.0,1342656000
547,446,3.0,1355011200
204,613,5.0,1384128000
770,661,3.0,1376265600
313,507,4.0,1365206400
400,475,3.0,1350172800
138,110,4.0,1295913600
399,667,4.0,1379548800
653,701,5.0,1379894400
417,95,3.0,1285632000
881,736,5.0,1379980800
126,476,5.0,1356480000
549,176,4.0,1356048000
828,386,4.0,1346544000
812,559,4.0,1371686400
669,660,5.0,1385769600
500,596,5.0,1384905600
159,768,4.0,1383264000
780,870,5.0,1404172800
479,515,4.0,1369267200
525,399,4.0,1345852800
251,187,4.0,1308787200
606,772,4.0,1384128000
557,208,5.0,1320883200
153,793,2.0,1388361600
140,114,2.0,1316649600
768,729,3.0,1377129600
280,181,5.0,1343952000
199,30,5.0,1352937600
665,135,5.0,1350345600
441,800,3.0,1402876800
626,267,4.0,1324425600
860,384,5.0,1345593600
45,422,3.0,1387065600
578,722,4.0,1381968000
258,534,5.0,1380758400
106,630,4.0,1380412800
559,614,4.0,1372291200
260,485,4.0,1353369600
47,826,4.0,1391817600
594,417,4.0,1345075200
429,301,3.0,1351555200
899,379,5.0,1345593600
638,589,5.0,1381622400
769,477,3.0,1348531200
449,531,4.0,1374019200
856,263,5.0,1316822400
483,763,4.0,1383436800
246,394,4.0,1352073600
47,501,4.0,1363478400
744,759,5.0,1384300800
687,572,3.0,1381017600
496,81,5.0,1289692800
193,814,4.0,1394150400
839,739,4.0,1387238400
454,205,4.0,1316649600
58,226,5.0,1314403200
186,256,3.0,1355356800
734,133,4.0,1322784000
840,502,3.0,1388188800
10,388,4.0,1349222400
246,769,5.0,1384905600
275,536,4.0,1361404800
145,795,4.0,1387929600
215,58,4.0,1385337600
222,766,4.0,1383264000
875,174,4.0,1314057600
598,326,5.0,1356998400
559,494,2.0,1356566400
779,596,5.0,1383350400
255,260,4.0,1317081600
691,172,5.0,1320796800
29,485,2.0,1357948800
177,529,4.0,1386460800
461,223,4.0,1314489600
164,8,3.0,1356912000
171,227,5.0,1318204800
234,312,4.0,1350518400
11,771,3.0,1382832000
912,323,4.0,1336003200
404,724,4.0,1380412800
603,112,5.0,1349049600
870,337,4.0,1340236800
689,818,4.0,1405987200
250,859,4.0,1400630400
23,145,5.0,1350864000
204,715,5.0,1379894400
395,477,5.0,1351123200
342,315,5.0,1342483200
700,334,5.0,1341446400
117,328,5.0,1356566400
431,675,3.0,1376524800
416,166,4.0,1316649600
38,769,4.0,1383523200
370,621,4.0,1373068800
480,731,5.0,1376524800
55,651,4.0,1388188800
76,709,5.0,1375401600
89,340,4.0,1358812800
174,827,4.0,1392768000
234,181,5.0,1343692800
818,124,4.0,1309478400
8,129,4.0,1310515200
60,1,4.0,1331942400
155,452,5.0,1349568000
557,409,4.0,1358380800
792,530,4.0,1361577600
341,777,4.0,1397260800
524,162,4.0,1317254400
495,677,4.0,1379376000
833,172,4.0,1320192000
259,767,5.0,1395878400
680,684,5.0,1378944000
550,683,5.0,1381104000
146,523,4.0,1361232000
3,339,4.0,1338336000
64,26,5.0,1388361600
446,835,5.0,1395878400
790,826,3.0,1388880000
95,371,5.0,1383264000
656,57,5.0,1264032000
100,118,4.0,1315008000
121,57,5.0,1365120000
796,298,5.0,1335398400
650,57,5.0,1261526400
50,744,4.0,1380153600
616,623,3.0,1384041600
823,686,4.0,1375833600
258,531,5.0,1375228800
681,114,5.0,1315785600
460,657,4.0,1381968000
174,387,1.0,1356739200
626,365,4.0,1345680000
591,198,4.0,1314144000
374,710,2.0,1382486400
899,237,5.0,1352246400
183,806,5.0,1403740800
839,141,4.0,1320278400
1,324,5.0,1353974400
149,212,4.0,1316649600
801,721,4.0,1375142400
879,752,5.0,1375056000
430,221,5.0,1319673600
808,162,3.0,1319068800
243,30,4.0,1356566400
731,855,3.0,1392768000
267,273,5.0,1350432000
256,696,3.0,1376956800
695,70,4.0,1352160000
135,796,4.0,1403913600
131,797,3.0,1400889600
433,856,2.0,1398988800
677,233,4.0,1317081600
399,490,4.0,1361404800
821,382,5.0,1353369600
10,257,3.0,1357862400
216,437,4.0,1382313600
821,240,4.0,1316649600
604,187,5.0,1308787200
337,179,3.0,1316476800
402,632,4.0,1387238400
530,420,5.0,1351296000
64,354,4.0,1343347200
535,565,4.0,1373414400
537,538,5.0,1371513600
494,366,4.0,1343088000
855,300,4.0,1354060800
380,666,2.0,1379376000
172,464,5.0,1352592000
79,2,3.0,1356566400
733,719,3.0,1380412800
373,364,4.0,1387152000
631,482,5.0,1346544000
743,719,3.0,1378080000
437,677,4.0,1375747200
41,602,5.0,1382918400
249,677,5.0,1374192000
214,674,5.0,1373241600
443,772,5.0,1383696000
43,0,4.0,1352332800
426,271,4.0,1364342400
850,608,5.0,1380844800
891,791,5.0,1403049600
38,499,3.0,1357257600
831,678,5.0,1375488000
634,153,4.0,1321833600
535,426,3.0,1344816000
41,706,4.0,1376870400
111,57,4.0,1264032000
571,647,4.0,1368489600
186,163,4.0,1318982400
118,398,5.0,1345680000
638,56,4.0,1323043200
229,289,5.0,1330041600
386,562,4.0,1392076800
27,140,5.0,1345593600
775,833,5.0,1393459200
202,571,4.0,1377043200
715,702,3.0,1379894400
822,128,3.0,1318896000
560,653,5.0,1387324800
560,504,4.0,1387324800
414,150,5.0,1350345600
799,489,3.0,1343260800
39,362,1.0,1383004800
374,344,5.0,1380499200
89,820,4.0,1388448000
297,523,4.0,1362009600
126,160,5.0,1335398400
637,177,4.0,1329955200
718,73,3.0,1290384000
452,664,2.0,1372550400
673,275,4.0,1403740800
818,159,3.0,1342656000
250,267,5.0,1322265600
700,463,4.0,1352073600
142,704,5.0,1377129600
337,491,4.0,1352505600
597,611,5.0,1388707200
595,666,5.0,1375315200
221,311,5.0,1352592000
845,166,4.0,1316736000
212,853,5.0,1403049600
475,407,5.0,1354752000
99,28,5.0,1363651200
720,74,5.0,1282694400
758,794,5.0,1389312000
61,185,5.0,1306368000
528,174,4.0,1384214400
202,14,5.0,1350518400
190,536,4.0,1362873600
666,267,4.0,1323907200
532,842,3.0,1395273600
232,422,4.0,1386547200
335,679,4.0,1388448000
460,590,3.0,1386374400
856,491,5.0,1351728000
311,308,4.0,1340236800
86,740,5.0,1377129600
107,558,4.0,1384473600
18,47,4.0,1219708800
378,610,3.0,1404172800
177,284,3.0,1332201600
753,699,3.0,1385596800
294,550,4.0,1381968000
385,191,4.0,1317168000
758,473,4.0,1349568000
389,682,4.0,1397779200
412,319,3.0,1336003200
616,488,4.0,1354233600
840,147,4.0,1357344000
532,702,2.0,1378339200
330,617,4.0,1378944000
410,313,3.0,1340150400
41,823,4.0,1393804800
896,364,4.0,1388188800
588,317,5.0,1338854400
866,645,5.0,1380153600
567,443,5.0,1364428800
848,253,4.0,1345766400
29,755,4.0,1380153600
178,644,4.0,1374105600
161,843,4.0,1393632000
256,279,4.0,1350518400
208,787,4.0,1399766400
816,636,3.0,1378771200
27,511,4.0,1393545600
442,634,5.0,1390608000
563,118,5.0,1315958400
374,697,5.0,1382486400
285,72,4.0,1286668800
104,869,5.0,1405987200
740,175,4.0,1311811200
340,203,4.0,1314403200
702,834,2.0,1396224000
536,503,3.0,1352592000
201,9,5.0,1172102400
250,173,4.0,1308614400
74,855,3.0,1390262400
518,401,5.0,1348531200
730,131,4.0,1388707200
19,51,4.0,1357344000
13,278,4.0,1400716800
471,200,5.0,1314057600
622,285,4.0,1329868800
578,587,3.0,1386892800
594,229,4.0,1323907200
827,577,4.0,1383436800
37,738,5.0,1388188800
95,329,4.0,1338854400
115,565,5.0,1379462400
120,178,3.0,1316044800
421,94,3.0,1294876800
286,47,1.0,1224115200
79,95,4.0,1285804800
429,464,5.0,1361318400
519,434,4.0,1348099200
333,253,2.0,1338336000
66,379,5.0,1351123200
335,641,5.0,1374019200
131,666,3.0,1372464000
225,636,5.0,1383868800
812,554,4.0,1382832000
614,422,5.0,1378771200
75,744,3.0,1379462400
636,496,4.0,1394409600
74,330,4.0,1355184000
727,329,5.0,1340150400
598,747,4.0,1387238400
913,696,5.0,1379548800
665,309,4.0,1341619200
123,389,5.0,1349827200
461,321,2.0,1340755200
303,297,2.0,1332374400
453,667,5.0,1378080000
607,716,3.0,1384905600
378,681,4.0,1395878400
125,320,5.0,1361404800
308,612,5.0,1389484800
759,89,5.0,1285545600
120,278,5.0,1403049600
275,560,4.0,1382054400
698,201,4.0,1314921600
778,606,3.0,1376438400
788,642,5.0,1373155200
275,419,5.0,1353196800
142,7,4.0,1385251200
27,350,5.0,1380326400
635,686,5.0,1373155200
863,860,4.0,1405900800
571,192,4.0,1315267200
118,461,4.0,1348012800
810,545,3.0,1383436800
575,721,3.0,1377129600
495,244,4.0,1316044800
829,572,4.0,1380067200
133,177,3.0,1315872000
825,502,4.0,1387238400
335,518,3.0,1365120000
712,803,4.0,1400716800
121,23,4.0,1357171200
506,81,4.0,1288742400
741,637,4.0,1374192000
134,310,5.0,1341187200
87,51,5.0,1357430400
73,720,5.0,1375401600
166,432,5.0,1348531200
272,586,5.0,1374105600
341,774,5.0,1395360000
671,244,5.0,1356566400
691,65,2.0,1302912000
257,827,3.0,1392854400
42,655,5.0,1382832000
197,777,4.0,1397952000
735,847,4.0,1396396800
344,561,5.0,1374105600
733,643,5.0,1383609600
541,732,4.0,1387324800
79,105,3.0,1309478400
548,45,3.0,1319328000
129,172,5.0,1316563200
8,12,4.0,1355961600
223,317,5.0,1339632000
860,317,5.0,1337731200
286,634,5.0,1383609600
380,619,1.0,1383955200
244,44,4.0,1223856000
84,2,4.0,1356566400
315,101,2.0,1284595200
79,350,5.0,1381881600
204,44,4.0,1223942400
785,456,5.0,1356393600
371,208,4.0,1319587200
484,91,4.0,1297900800
128,547,3.0,1382572800
710,316,5.0,1337990400
9,485,4.0,1351814400
792,257,4.0,1322006400
799,500,5.0,1362787200
640,140,5.0,1342396800
479,150,3.0,1340841600
794,529,5.0,1378857600
505,843,4.0,1397692800
257,215,4.0,1319673600
700,269,5.0,1335916800
310,845,3.0,1405209600
161,507,4.0,1358812800
246,858,4.0,1400112000
123,281,5.0,1331856000
248,566,2.0,1372723200
308,706,5.0,1374624000
338,857,4.0,1397606400
560,705,4.0,1386633600
516,547,3.0,1382832000
92,870,5.0,1405036800
274,21,4.0,1337040000
107,654,2.0,1384473600
378,642,4.0,1372809600
642,327,5.0,1342656000
220,791,4.0,1400889600
767,831,2.0,1397692800
845,655,5.0,1387411200
338,30,5.0,1351555200
831,136,4.0,1309046400
136,339,5.0,1338595200
578,408,4.0,1349222400
667,58,5.0,1382400000
568,197,4.0,1316304000
753,465,4.0,1350604800
368,245,5.0,1317254400
584,382,5.0,1345939200
390,53,5.0,1353369600
11,740,4.0,1396137600
578,867,5.0,1404518400
757,718,5.0,1392422400
721,736,4.0,1382313600
411,828,3.0,1395360000
184,435,5.0,1345593600
92,790,5.0,1400889600
134,788,5.0,1400025600
335,852,4.0,1405296000
99,7,5.0,1385251200
51,705,3.0,1383004800
288,731,4.0,1375920000
173,272,3.0,1346457600
444,834,1.0,1397347200
338,247,5.0,1317600000
358,321,5.0,1340755200
371,101,3.0,1299196800
694,92,5.0,1292112000
373,62,4.0,1383091200
285,570,5.0,1363737600
849,324,5.0,1350777600
645,242,3.0,1354665600
301,847,3.0,1396742400
581,799,5.0,1402790400
600,336,5.0,1349049600
537,431,5.0,1345680000
889,207,4.0,1311724800
900,254,4.0,1323907200
298,238,4.0,1383004800
580,515,4.0,1359590400
694,496,4.0,1389916800
690,428,3.0,1352505600
584,660,5.0,1386720000
68,597,3.0,1379980800
841,727,5.0,1383177600
3,786,5.0,1391472000
626,262,4.0,1317168000
891,456,4.0,1355961600
242,27,5.0,1387929600
693,66,4.0,1282176000
657,643,5.0,1387324800
313,393,5.0,1350345600
444,108,5.0,1290902400
371,579,4.0,1384128000
146,94,4.0,1292371200
330,298,1.0,1336953600
141,566,4.0,1373673600
444,807,4.0,1401580800
264,544,3.0,1376524800
278,614,5.0,1369872000
620,91,5.0,1283040000
77,675,5.0,1372291200
386,585,2.0,1390780800
447,406,4.0,1349913600
464,746,4.0,1380153600
624,84,5.0,1351900800
11,631,4.0,1379894400
907,729,3.0,1376697600
246,35,5.0,1317168000
153,677,4.0,1379289600
913,429,4.0,1345075200
469,750,5.0,1376611200
631,842,5.0,1396656000
919,832,4.0,1400803200
458,554,2.0,1384992000
567,696,3.0,1380499200
855,267,4.0,1322524800
415,149,5.0,1342051200
481,36,4.0,1380758400
340,33,4.0,1325462400
139,752,4.0,1375920000
355,804,3.0,1400457600
476,643,4.0,1388188800
341,753,4.0,1379376000
365,76,3.0,1281484800
83,368,5.0,1352332800
396,720,5.0,1373155200
660,758,5.0,1377302400
107,475,1.0,1346371200
26,55,5.0,1293062400
786,183,4.0,1345075200
309,784,2.0,1387843200
1,479,4.0,1343433600
326,124,4.0,1308873600
188,728,4.0,1377129600
893,663,5.0,1378425600
723,96,5.0,1350259200
125,554,4.0,1384128000
296,555,3.0,1381190400
329,363,5.0,1383264000
912,376,3.0,1347321600
431,208,4.0,1331769600
502,565,4.0,1376438400
37,362,5.0,1387238400
811,635,4.0,1376265600
270,564,5.0,1378252800
299,356,5.0,1345075200
492,784,3.0,1386115200
577,269,5.0,1337644800
497,276,3.0,1342915200
223,351,4.0,1346889600
452,319,2.0,1337731200
373,729,3.0,1376870400
170,479,4.0,1343260800
8,710,3.0,1384819200
140,323,3.0,1338249600
291,830,4.0,1395273600
768,238,4.0,1379980800
394,717,5.0,1382572800
794,541,5.0,1377648000
241,131,5.0,1388448000
56,629,4.0,1382054400
371,549,4.0,1362268800
853,152,5.0,1388448000
847,843,4.0,1397692800
914,666,4.0,1375315200
564,568,3.0,1375228800
687,659,5.0,1387324800
818,174,4.0,1383436800
419,312,4.0,1351209600
180,150,5.0,1343779200
243,468,4.0,1363824000
828,793,5.0,1385164800
338,556,4.0,1384560000
402,542,3.0,1368576000
571,377,5.0,1344297600
800,567,4.0,1374710400
254,79,3.0,1284595200
97,49,5.0,1292976000
550,152,5.0,1389484800
519,81,4.0,1290384000
437,596,4.0,1386374400
887,837,3.0,1395273600
89,844,3.0,1394496000
270,827,3.0,1392163200
577,616,5.0,1397001600
370,116,5.0,1316390400
84,267,5.0,1321833600
87,815,5.0,1394323200
213,783,4.0,1380585600
574,316,5.0,1339372800
684,366,5.0,1344470400
384,419,5.0,1355356800
119,472,5.0,1356566400
162,530,3.0,1358726400
243,21,5.0,1337817600
514,837,5.0,1396915200
413,761,5.0,1383350400
372,373,4.0,1334707200
7,510,5.0,1377302400
618,685,4.0,1373241600
513,192,4.0,1316044800
18,65,2.0,1323820800
805,652,4.0,1381968000
722,82,2.0,1293926400
423,543,3.0,1375660800
445,230,4.0,1317254400
578,313,3.0,1338595200
736,89,5.0,1287446400
783,174,3.0,1314403200
796,601,5.0,1382572800
863,855,4.0,1392595200
24,0,5.0,1354492800
59,1,3.0,1323820800
106,4,4.0,1288483200
164,247,4.0,1324857600
410,35,4.0,1317945600
543,203,5.0,1319673600
504,141,4.0,1320192000
736,446,3.0,1350518400
300,101,2.0,1285200000
545,320,5.0,1349222400
101,276,3.0,1347580800
421,194,4.0,1314921600
365,505,5.0,1360627200
187,8,3.0,1354924800
413,28,3.0,1353369600
615,418,5.0,1343865600
123,234,4.0,1317254400
95,164,3.0,1340928000
134,309,5.0,1341187200
504,569,4.0,1374105600
211,178,4.0,1311206400
335,573,5.0,1387065600
601,784,4.0,1387411200
35,712,4.0,1383955200
616,245,4.0,1314576000
20,502,3.0,1390953600
473,612,3.0,1392854400
42,357,5.0,1348790400
440,718,5.0,1376352000
867,828,3.0,1394582400
662,158,5.0,1339545600
256,615,4.0,1393372800
41,653,5.0,1383436800
598,144,4.0,1317168000
0,643,4.0,1383782400
52,234,3.0,1318204800
315,269,5.0,1338422400
879,481,3.0,1354579200
492,794,4.0,1388448000
356,855,5.0,1389571200
122,5,3.0,1291248000
757,154,4.0,1323475200
162,558,4.0,1382918400
215,538,3.0,1372118400
379,726,1.0,1376524800
744,266,3.0,1322870400
476,620,1.0,1383004800
751,258,5.0,1338508800
95,614,3.0,1369785600
570,105,5.0,1290470400
354,720,5.0,1375747200
649,720,5.0,1373068800
299,58,4.0,1385510400
35,540,5.0,1387497600
819,138,5.0,1367452800
10,5,3.0,1288742400
12,698,4.0,1387411200
368,274,5.0,1321920000
902,755,5.0,1377043200
443,57,4.0,1263945600
345,21,4.0,1342310400
229,243,5.0,1316649600
307,134,5.0,1313971200
129,276,5.0,1336953600
208,611,4.0,1388793600
173,638,5.0,1378512000
475,701,5.0,1379289600
101,300,4.0,1348704000
288,546,5.0,1381881600
131,384,5.0,1345939200
440,451,4.0,1346112000
218,73,4.0,1294272000
53,806,4.0,1405382400
192,153,4.0,1317859200
195,431,2.0,1350518400
681,645,5.0,1380153600
745,445,3.0,1358467200
176,8,4.0,1355011200
527,399,3.0,1358899200
566,840,5.0,1404172800
694,418,4.0,1344729600
378,87,4.0,1283299200
123,196,5.0,1314835200
350,346,5.0,1353283200
903,254,3.0,1323907200
762,91,3.0,1283472000
557,750,5.0,1375747200
678,272,4.0,1350518400
326,663,4.0,1377993600
643,775,3.0,1395705600
14,565,4.0,1376352000
594,836,5.0,1398211200
291,697,5.0,1384992000
861,361,4.0,1352937600
580,638,5.0,1379980800
592,262,4.0,1329436800
288,702,4.0,1384819200
622,730,5.0,1374883200
537,496,4.0,1392940800
118,367,3.0,1350432000
624,363,5.0,1377561600
232,655,4.0,1386720000
333,229,5.0,1316390400
726,674,4.0,1376352000
397,231,5.0,1316563200
273,778,5.0,1385596800
355,490,3.0,1359072000
95,574,4.0,1380412800
895,683,5.0,1381881600
160,619,4.0,1382572800
610,141,4.0,1331769600
365,815,3.0,1395100800
87,697,5.0,1384041600
295,49,3.0,1313366400
432,837,5.0,1395273600
149,165,5.0,1321833600
314,423,5.0,1352073600
263,276,5.0,1338768000
577,725,3.0,1375228800
35,362,4.0,1385078400
672,148,3.0,1355702400
355,379,4.0,1345593600
476,48,2.0,1375315200
255,242,2.0,1317254400
354,420,5.0,1352851200
267,532,5.0,1374710400
223,531,5.0,1374105600
156,610,3.0,1404000000
138,107,5.0,1295481600
589,338,5.0,1342483200
746,783,2.0,1379116800
291,505,5.0,1368144000
172,837,3.0,1396656000
655,799,4.0,1401148800
539,282,5.0,1335052800
14,36,5.0,1384041600
378,827,3.0,1389139200
365,444,5.0,1346544000
803,863,5.0,1405555200
644,409,4.0,1352419200
365,663,5.0,1378684800
835,669,5.0,1380412800
413,669,4.0,1381363200
656,479,5.0,1347580800
120,584,4.0,1376438400
209,831,4.0,1395964800
359,515,4.0,1361318400
831,403,4.0,1351036800
452,798,4.0,1404950400
396,252,4.0,1316131200
381,24,5.0,1260576000
164,709,2.0,1377043200
353,468,4.0,1362960000
562,734,3.0,1383177600
68,717,5.0,1382918400
476,606,4.0,1372204800
111,574,5.0,1380499200
630,375,4.0,1351641600
127,82,3.0,1289952000
52,676,4.0,1382572800
75,217,4.0,1356307200
336,523,5.0,1359417600
790,717,4.0,1380153600
183,560,5.0,1379376000
500,47,2.0,1219708800
483,226,5.0,1316649600
235,422,5.0,1384473600
343,843,5.0,1397606400
747,85,5.0,1287619200
701,678,4.0,1375920000
704,69,4.0,1374537600
60,166,5.0,1319500800
814,148,5.0,1355961600
748,635,4.0,1376524800
52,460,5.0,1345075200
714,634,4.0,1386028800
842,697,5.0,1384300800
330,147,4.0,1356566400
445,728,3.0,1375660800
146,260,5.0,1319500800
329,340,5.0,1358899200
629,718,5.0,1373673600
726,519,5.0,1368662400
493,144,4.0,1320883200
620,54,4.0,1363737600
206,169,4.0,1317254400
110,369,5.0,1358985600
275,19,5.0,1342483200
788,575,4.0,1381968000
222,746,3.0,1377129600
541,432,5.0,1343692800
380,24,5.0,1254614400
321,400,1.0,1358208000
841,192,3.0,1337212800
63,557,1.0,1366848000
160,396,4.0,1365206400
800,717,4.0,1388620800
128,559,5.0,1361836800
187,250,3.0,1348099200
772,465,5.0,1356912000
577,50,3.0,1338681600
500,69,4.0,1314057600
912,573,4.0,1382918400
830,221,5.0,1320710400
125,5,4.0,1300233600
217,276,3.0,1337212800
28,324,5.0,1352332800
653,548,4.0,1369267200
315,365,2.0,1350172800
700,206,4.0,1315612800
652,674,5.0,1373587200
736,81,4.0,1292371200
249,817,4.0,1393027200
329,747,5.0,1383955200
917,685,4.0,1374105600
767,176,4.0,1313539200
559,477,4.0,1351900800
6,831,3.0,1395014400
414,352,4.0,1348012800
89,326,4.0,1358899200
116,643,4.0,1385596800
719,671,4.0,1379203200
404,36,5.0,1384300800
557,197,5.0,1314835200
633,518,3.0,1362787200
578,473,5.0,1349568000
12,364,5.0,1388448000
507,490,3.0,1361923200
354,411,5.0,1350518400
805,837,5.0,1395273600
214,739,4.0,1385683200
387,796,5.0,1403740800
717,504,4.0,1386892800
528,530,5.0,1363305600
329,722,5.0,1384041600
490,66,4.0,1279929600
461,526,4.0,1351123200
780,685,5.0,1372809600
560,574,5.0,1383264000
476,710,1.0,1383609600
212,209,4.0,1321920000
585,534,3.0,1382313600
792,317,5.0,1339977600
15,581,4.0,1384214400
149,350,5.0,1381104000
467,820,5.0,1388361600
585,426,4.0,1342137600
596,174,2.0,1319068800
286,854,5.0,1396396800
381,765,3.0,1384300800
79,657,4.0,1378857600
805,821,5.0,1386720000
222,525,1.0,1358121600
457,44,2.0,1224720000
268,283,3.0,1357689600
470,764,4.0,1388188800
675,395,3.0,1350345600
847,793,5.0,1386720000
288,48,5.0,1376352000
51,613,4.0,1384300800
909,473,4.0,1349395200
327,318,5.0,1340409600
692,262,4.0,1319068800
563,131,4.0,1388966400
107,586,3.0,1372896000
368,642,2.0,1375747200
525,574,4.0,1380672000
725,714,3.0,1378166400
886,669,4.0,1381190400
335,868,5.0,1405209600
442,350,5.0,1383091200
130,44,4.0,1223164800
72,40,4.0,1234828800
445,107,5.0,1299024000
734,599,5.0,1384387200
846,285,2.0,1331337600
737,506,5.0,1361404800
708,286,5.0,1340841600
792,431,5.0,1347148800
845,255,3.0,1315440000
418,630,3.0,1377820800
869,641,4.0,1372118400
27,12,4.0,1356307200
340,407,3.0,1351641600
705,745,4.0,1379462400
109,467,5.0,1373587200
354,322,3.0,1337126400
258,429,5.0,1344124800
96,318,5.0,1338681600
605,357,5.0,1349568000
325,155,5.0,1335830400
727,719,4.0,1377475200
828,805,4.0,1399075200
87,761,5.0,1384041600
377,856,2.0,1398124800
497,503,2.0,1365120000
703,69,5.0,1314835200
583,547,4.0,1384214400
391,768,5.0,1385337600
302,779,5.0,1388275200
343,365,4.0,1348099200
63,847,3.0,1396742400
914,589,5.0,1383436800
42,804,5.0,1399248000
371,51,4.0,1357689600
504,339,4.0,1340928000
93,267,4.0,1336953600
404,784,2.0,1385856000
679,661,3.0,1373241600
42,465,5.0,1351728000
205,172,4.0,1328486400
501,673,2.0,1380067200
162,596,4.0,1385856000
277,19,5.0,1337731200
8,557,3.0,1368576000
351,612,3.0,1392854400
33,0,5.0,1356825600
915,780,5.0,1380585600
92,783,3.0,1377734400
810,804,4.0,1400803200
92,3,3.0,1283385600
381,783,3.0,1379116800
317,50,3.0,1342396800
8,0,4.0,1358294400
355,129,3.0,1309910400
834,792,5.0,1399593600
698,496,4.0,1400976000
545,336,5.0,1352937600
743,242,4.0,1317168000
918,723,4.0,1383782400
456,118,5.0,1336694400
41,711,3.0,1384992000
580,635,4.0,1374019200
288,355,5.0,1342310400
765,826,5.0,1389744000
178,172,4.0,1317686400
437,752,4.0,1374624000
522,57,5.0,1262649600
161,485,5.0,1350864000
462,328,5.0,1352851200
846,318,5.0,1337817600
357,584,4.0,1377993600
789,236,4.0,1322179200
240,661,4.0,1373328000
470,728,3.0,1378252800
876,725,3.0,1376956800
507,747,4.0,1380672000
487,53,5.0,1350691200
447,72,4.0,1295827200
871,400,4.0,1348531200
243,28,4.0,1354492800
188,636,5.0,1383264000
361,562,4.0,1390608000
420,668,3.0,1388016000
724,245,5.0,1333065600
872,679,3.0,1388620800
77,470,5.0,1363824000
385,255,3.0,1317168000
44,389,4.0,1348444800
845,654,4.0,1383091200
605,747,4.0,1385510400
577,823,3.0,1397001600
895,702,3.0,1381881600
348,856,1.0,1399507200
412,534,3.0,1383609600
338,241,5.0,1318723200
647,67,5.0,1292457600
576,354,4.0,1341705600
87,416,4.0,1360713600
533,347,4.0,1360713600
309,316,5.0,1339545600
165,485,4.0,1351555200
139,866,4.0,1404259200
115,477,5.0,1366848000
360,722,4.0,1381795200
745,682,5.0,1398816000
154,859,4.0,1403740800
62,699,5.0,1379808000
805,646,5.0,1372204800
422,249,4.0,1342051200
558,417,5.0,1348444800
794,475,5.0,1347753600
724,731,5.0,1377129600
515,610,4.0,1405468800
291,825,3.0,1395273600
758,500,1.0,1368230400
298,527,3.0,1365120000
452,120,4.0,1316476800
689,198,4.0,1345680000
156,776,3.0,1392854400
387,638,5.0,1377734400
788,590,3.0,1382918400
396,211,4.0,1321488000
30,372,5.0,1383264000
123,532,4.0,1376092800
308,754,2.0,1377648000
161,451,3.0,1343606400
840,417,4.0,1350259200
38,266,4.0,1322870400
17,660,5.0,1382745600
775,189,5.0,1317168000
168,146,3.0,1377648000
99,44,5.0,1223942400
142,555,3.0,1379376000
377,538,3.0,1370995200
525,702,4.0,1385078400
654,374,4.0,1340150400
572,560,3.0,1374969600
824,810,3.0,1402444800
409,685,3.0,1375747200
526,745,5.0,1380153600
836,811,4.0,1403136000
637,72,4.0,1285804800
653,57,5.0,1264032000
241,562,3.0,1391731200
696,530,4.0,1357430400
656,455,4.0,1350518400
585,81,4.0,1290297600
546,535,5.0,1382313600
42,702,4.0,1382918400
638,459,5.0,1344816000
41,494,1.0,1356652800
784,719,2.0,1382572800
825,767,4.0,1395878400
546,547,2.0,1385251200
855,847,4.0,1397606400
728,792,4.0,1399680000
781,665,4.0,1374019200
494,601,4.0,1386720000
200,707,5.0,1382745600
46,771,3.0,1383177600
311,310,5.0,1345593600
228,69,3.0,1316649600
149,178,4.0,1313366400
535,173,5.0,1318896000
588,73,5.0,1288915200
618,686,3.0,1372636800
745,686,3.0,1375315200
406,234,3.0,1318550400
890,835,4.0,1397692800
197,344,4.0,1382140800
376,427,5.0,1355011200
251,709,5.0,1376352000
605,711,4.0,1385337600
706,839,5.0,1397520000
550,834,4.0,1393459200
707,289,2.0,1329955200
437,151,4.0,1316736000
335,569,5.0,1375747200
643,57,5.0,1261440000
549,725,3.0,1377907200
363,97,2.0,1290038400
618,307,3.0,1351123200
18,472,5.0,1349568000
469,294,2.0,1335916800
158,718,4.0,1381968000
884,191,4.0,1314057600
747,169,3.0,1323907200
189,217,5.0,1348617600
208,143,4.0,1320624000
314,295,5.0,1334793600
375,144,3.0,1317081600
884,696,4.0,1379030400
281,333,5.0,1352937600
590,86,4.0,1282089600
513,120,4.0,1316649600
793,845,5.0,1403654400
538,350,5.0,1383091200
508,86,4.0,1279756800
820,506,2.0,1359331200
440,541,5.0,1380067200
151,393,4.0,1348704000
381,284,4.0,1377388800
802,870,4.0,1405814400
601,206,3.0,1331769600
398,585,3.0,1390262400
560,702,3.0,1387324800
745,399,5.0,1362614400
107,771,4.0,1384128000
828,367,3.0,1349827200
382,46,5.0,1377561600
420,238,2.0,1380067200
754,199,3.0,1317686400
223,11,5.0,1342051200
467,305,4.0,1346976000
459,33,4.0,1325376000
425,409,4.0,1351814400
898,832,2.0,1399852800
286,736,2.0,1381190400
126,165,5.0,1326844800
630,666,3.0,1375747200
386,785,5.0,1390780800
678,461,5.0,1345075200
513,40,4.0,1229990400
204,620,2.0,1384128000
650,342,4.0,1364169600
6,577,5.0,1384128000
771,354,4.0,1347926400
237,466,4.0,1360022400
95,853,5.0,1399161600
522,115,5.0,1315180800
44,59,5.0,1350950400
185,531,5.0,1371600000
549,527,5.0,1366070400
443,108,5.0,1321920000
138,91,3.0,1283299200
204,754,5.0,1385424000
85,728,5.0,1374537600
723,465,5.0,1379462400
631,654,3.0,1386806400
56,1,3.0,1331769600
39,422,3.0,1385856000
101,542,5.0,1360800000
203,208,4.0,1320105600
676,603,4.0,1385078400
682,755,4.0,1379894400
665,612,4.0,1395014400
684,559,3.0,1368576000
348,144,5.0,1318982400
903,656,5.0,1380412800
492,144,4.0,1319068800
336,450,4.0,1345680000
521,200,3.0,1315958400
36,229,2.0,1320883200
358,275,4.0,1403481600
208,465,5.0,1345593600
653,242,4.0,1326585600
272,141,4.0,1321315200
198,788,4.0,1401408000
483,38,5.0,1227052800
81,706,4.0,1375228800
493,104,3.0,1292457600
482,465,4.0,1379980800
719,155,4.0,1335657600
44,561,5.0,1376524800
547,584,4.0,1379289600
164,258,3.0,1336435200
451,127,4.0,1317686400
30,16,5.0,1355875200
546,453,4.0,1343952000
79,758,4.0,1379548800
6,549,4.0,1363737600
197,499,3.0,1357689600
882,680,3.0,1373587200
817,697,5.0,1386201600
767,833,5.0,1395878400
50,804,3.0,1400371200
224,635,5.0,1374796800
101,81,4.0,1290038400
806,427,4.0,1345766400
669,621,5.0,1373500800
413,350,5.0,1380758400
174,729,3.0,1379203200
35,531,4.0,1375833600
21,521,5.0,1362528000
8,629,5.0,1384819200
563,406,4.0,1356566400
293,511,4.0,1394755200
393,205,4.0,1316476800
653,646,5.0,1372464000
588,592,5.0,1380672000
432,367,2.0,1356048000
38,700,2.0,1377302400
536,711,3.0,1378857600
519,435,4.0,1345593600
805,816,4.0,1400630400
27,324,5.0,1353456000
31,680,4.0,1372896000
775,556,5.0,1380153600
188,720,4.0,1374105600
675,312,5.0,1350345600
902,688,4.0,1370995200
642,308,4.0,1365552000
359,423,4.0,1350259200
9,796,4.0,1404086400
3,465,5.0,1377475200
27,562,4.0,1391385600
246,772,5.0,1380758400
397,601,5.0,1380672000
561,532,4.0,1378166400
435,286,4.0,1337990400
26,196,5.0,1314835200
459,225,3.0,1316044800
315,476,4.0,1366156800
175,753,5.0,1377820800
865,834,2.0,1396224000
179,497,4.0,1362096000
51,372,3.0,1383868800
204,323,3.0,1340323200
661,791,5.0,1398816000
165,368,4.0,1353888000
767,238,4.0,1384992000
385,85,5.0,1285200000
388,266,5.0,1323043200
219,15,5.0,1336089600
577,644,4.0,1376179200
21,284,4.0,1329955200
836,695,4.0,1376438400
337,747,5.0,1380153600
453,80,3.0,1284076800
829,204,5.0,1316390400
194,242,3.0,1316736000
763,101,3.0,1284595200
262,322,3.0,1337212800
109,652,2.0,1383955200
364,116,3.0,1315872000
305,311,5.0,1340755200
562,700,3.0,1382572800
704,531,4.0,1373414400
577,295,4.0,1332460800
655,740,5.0,1377475200
246,697,5.0,1387411200
1,712,3.0,1382745600
604,427,5.0,1345680000
10,21,4.0,1337644800
237,369,5.0,1346198400
110,156,5.0,1351123200
205,421,5.0,1351641600
236,806,5.0,1403481600
776,827,4.0,1392681600
359,665,5.0,1372982400
343,650,5.0,1372118400
42,398,5.0,1343865600
52,386,5.0,1345593600
162,359,2.0,1382054400
541,220,5.0,1319500800
848,806,3.0,1402963200
393,530,3.0,1357862400
488,478,5.0,1364428800
365,721,5.0,1376352000
183,441,4.0,1361059200
782,802,2.0,1403136000
51,326,4.0,1359072000
148,131,3.0,1388361600
537,843,5.0,1395187200
8,678,4.0,1374105600
766,844,3.0,1395964800
143,792,4.0,1402963200
763,91,4.0,1284595200
744,695,4.0,1379548800
339,646,5.0,1370131200
651,643,5.0,1382832000
296,772,4.0,1388448000
140,631,2.0,1380067200
263,265,3.0,1365379200
770,94,5.0,1291593600
55,114,4.0,1353283200
27,481,2.0,1353196800
582,302,4.0,1358208000
753,344,5.0,1380326400
92,463,4.0,1351728000
312,567,2.0,1375920000
477,292,5.0,1329868800
518,696,5.0,1377388800
52,295,4.0,1331856000
403,710,3.0,1383350400
236,165,4.0,1325203200
125,53,4.0,1356566400
569,447,5.0,1352073600
775,494,4.0,1354233600
556,244,5.0,1314403200
435,767,4.0,1403654400
196,582,5.0,1383609600
127,5,4.0,1291680000
779,332,5.0,1338422400
576,542,3.0,1361404800
28,304,5.0,1349308800
285,243,4.0,1323561600
870,169,3.0,1323475200
13,427,4.0,1348099200
817,695,5.0,1377820800
401,740,5.0,1383091200
852,148,4.0,1354492800
325,504,5.0,1378857600
380,585,2.0,1388966400
672,612,5.0,1391299200
286,861,2.0,1404691200
46,751,3.0,1381190400
232,257,3.0,1358812800
3,769,4.0,1385510400
350,206,5.0,1315612800
306,111,5.0,1371945600
504,204,4.0,1314144000
334,611,5.0,1386460800
565,826,5.0,1395187200
603,532,4.0,1372896000
53,728,3.0,1379116800
49,0,4.0,1351987200
520,668,4.0,1378598400
214,607,5.0,1379548800
75,616,4.0,1396569600
619,836,4.0,1394755200
200,705,5.0,1386028800
730,600,4.0,1382572800
553,670,4.0,1373673600
335,757,5.0,1380412800
241,613,5.0,1380499200
811,401,4.0,1349827200
42,732,5.0,1383091200
193,9,3.0,1380067200
9,320,5.0,1348876800
780,419,3.0,1351296000
81,690,5.0,1383264000
374,370,4.0,1346198400
359,511,5.0,1393200000
201,83,5.0,1284422400
501,130,3.0,1314921600
52,713,4.0,1382572800
553,434,4.0,1348704000
498,456,4.0,1358294400
91,731,3.0,1375142400
541,751,4.0,1388361600
329,532,5.0,1375660800
20,363,4.0,1383523200
747,227,5.0,1343260800
678,764,4.0,1389830400
386,327,5.0,1349308800
106,756,3.0,1380412800
448,337,4.0,1342569600
147,662,4.0,1384041600
306,275,3.0,1404000000
657,768,5.0,1383523200
917,869,2.0,1404172800
451,271,4.0,1361059200
563,867,4.0,1404345600
550,631,5.0,1377734400
86,700,3.0,1384387200
365,716,5.0,1382054400
897,561,5.0,1373846400
712,516,5.0,1359417600
508,315,5.0,1339977600
791,730,4.0,1375920000
10,142,4.0,1320364800
686,115,3.0,1316476800
387,277,5.0,1355011200
6,413,4.0,1341273600
521,514,3.0,1360454400
500,845,4.0,1405209600
625,117,3.0,1314057600
573,560,4.0,1375660800
245,647,4.0,1368662400
895,322,3.0,1339632000
4,401,5.0,1352851200
11,751,3.0,1388275200
629,846,3.0,1393977600
89,169,4.0,1316995200
587,147,5.0,1337040000
677,322,4.0,1336953600
3,806,4.0,1402531200
527,242,3.0,1327708800
347,341,3.0,1358985600
651,245,5.0,1314403200
598,578,5.0,1384646400
350,219,5.0,1317254400
643,305,5.0,1346025600
206,172,3.0,1317254400
335,380,4.0,1352073600
711,213,5.0,1311897600
848,769,5.0,1384041600
434,569,5.0,1376784000
775,302,5.0,1345420800
551,46,5.0,1376956800
151,705,4.0,1384905600
189,764,5.0,1388448000
27,31,4.0,1348876800
601,219,3.0,1331769600
270,140,5.0,1348099200
775,387,4.0,1346025600
213,807,3.0,1398556800
753,737,2.0,1379721600
196,124,4.0,1309478400
317,73,3.0,1290038400
881,294,4.0,1356393600
452,428,1.0,1347062400
904,258,4.0,1335312000
836,636,4.0,1381881600
369,315,5.0,1353888000
709,88,5.0,1385510400
620,635,4.0,1376438400
138,792,5.0,1401580800
410,28,4.0,1356480000
586,828,4.0,1393459200
573,602,4.0,1383091200
538,313,4.0,1345075200
892,327,5.0,1344211200
126,323,4.0,1337126400
23,2,4.0,1354492800
592,623,4.0,1384646400
92,455,4.0,1341705600
231,338,3.0,1344556800
469,672,4.0,1375228800
737,447,5.0,1350518400
293,675,5.0,1376524800
516,377,5.0,1343606400
284,269,5.0,1340236800
712,73,4.0,1294099200
285,675,5.0,1376438400
223,484,3.0,1346889600
15,604,4.0,1382054400
917,628,4.0,1387152000
258,317,5.0,1339027200
909,817,5.0,1394064000
102,237,2.0,1353283200
37,722,4.0,1387238400
177,395,2.0,1350950400
655,566,4.0,1374019200
197,720,5.0,1374796800
185,19,5.0,1355270400
335,21,4.0,1337817600
515,96,3.0,1352160000
542,533,4.0,1372723200
258,394,3.0,1349740800
773,336,2.0,1365206400
144,847,2.0,1390780800
68,857,4.0,1394150400
777,130,4.0,1316131200
167,496,4.0,1390953600
288,17,5.0,1339632000
482,858,4.0,1396915200
525,326,4.0,1359331200
791,107,2.0,1290384000
324,638,4.0,1381968000
363,22,5.0,1164499200
174,260,5.0,1319241600
191,33,5.0,1327363200
218,47,3.0,1221868800
504,857,4.0,1394668800
185,187,4.0,1311206400
58,484,4.0,1346284800
45,41,5.0,1355961600
619,797,5.0,1401840000
134,312,4.0,1350864000
48,847,2.0,1394668800
295,707,5.0,1375401600
646,109,5.0,1291593600
764,109,5.0,1291766400
179,638,4.0,1381968000
619,287,5.0,1332201600
680,327,5.0,1345075200
315,59,3.0,1358294400
1,573,5.0,1382659200
768,779,5.0,1388361600
195,585,3.0,1390780800
704,504,5.0,1379203200
20,620,2.0,1385596800
250,118,4.0,1314835200
308,115,3.0,1320796800
674,570,4.0,1363564800
267,69,4.0,1314403200
412,99,4.0,1289088000
640,634,5.0,1384819200
363,263,4.0,1319068800
809,788,5.0,1397865600
349,260,4.0,1316995200
848,578,3.0,1387843200
674,78,4.0,1280188800
493,383,3.0,1347408000
570,110,5.0,1290470400
50,822,4.0,1395360000
819,730,4.0,1376870400
264,159,5.0,1341360000
805,147,4.0,1366070400
477,618,5.0,1382918400
27,426,1.0,1341532800
896,465,3.0,1377475200
187,348,3.0,1374105600
389,505,5.0,1365120000
565,153,3.0,1318896000
803,150,4.0,1342569600
554,51,5.0,1355961600
812,647,3.0,1371686400
636,454,3.0,1358985600
429,801,5.0,1388448000
618,457,2.0,1343520000
344,117,2.0,1315872000
536,123,4.0,1322870400
667,273,5.0,1349049600
55,15,5.0,1340236800
668,533,5.0,1371686400
257,834,3.0,1396569600
63,678,3.0,1374969600
318,424,4.0,1353110400
77,486,5.0,1345593600
460,144,3.0,1340928000
915,636,5.0,1380931200
459,34,5.0,1321833600
478,572,5.0,1385078400
164,460,2.0,1344038400
634,112,5.0,1358380800
482,697,4.0,1385856000
87,109,5.0,1291420800
335,440,4.0,1396396800
131,585,4.0,1387670400
652,57,3.0,1263772800
286,21,5.0,1348012800
2,324,5.0,1355875200
165,8,4.0,1356566400
208,111,4.0,1399852800
454,570,3.0,1364256000
204,710,3.0,1383696000
637,316,4.0,1345680000
21,0,3.0,1358208000
309,850,4.0,1405728000
341,636,5.0,1380672000
842,735,5.0,1379462400
278,198,4.0,1315180800
17,47,3.0,1219968000
408,384,5.0,1347494400
655,504,5.0,1378944000
378,317,4.0,1338508800
672,556,5.0,1384732800
321,730,3.0,1376265600
787,686,5.0,1372723200
720,334,5.0,1341187200
740,423,5.0,1348617600
706,814,4.0,1396310400
558,571,5.0,1379203200
77,667,5.0,1374710400
841,826,5.0,1390867200
899,341,5.0,1360540800
710,752,4.0,1375315200
37,117,2.0,1321401600
634,563,5.0,1381708800
57,770,3.0,1378339200
435,843,4.0,1395878400
684,596,3.0,1386633600
555,724,4.0,1377734400
19,214,4.0,1366070400
754,856,1.0,1399420800
730,601,4.0,1381968000
224,501,5.0,1358985600
594,407,5.0,1351036800
574,241,5.0,1332374400
59,58,5.0,1382918400
192,591,4.0,1387411200
113,4,4.0,1287878400
798,570,4.0,1369180800
450,534,3.0,1384300800
89,16,4.0,1348531200
406,600,5.0,1381968000
841,364,5.0,1385769600
793,313,4.0,1343347200
161,704,4.0,1376784000
415,711,4.0,1378684800
87,50,4.0,1338422400
3,61,5.0,1384214400
436,455,4.0,1342051200
199,443,5.0,1361318400
499,853,4.0,1403136000
212,259,5.0,1325894400
602,485,4.0,1352937600
57,409,4.0,1351036800
256,432,5.0,1345766400
527,444,5.0,1345680000
282,538,3.0,1370131200
522,159,5.0,1345593600
919,597,4.0,1387584000
51,204,5.0,1321228800
526,229,5.0,1317254400
696,307,5.0,1351209600
753,481,3.0,1353196800
236,292,4.0,1329955200
553,643,5.0,1384992000
825,717,4.0,1380672000
158,806,4.0,1404345600
580,865,4.0,1405468800
161,361,3.0,1348617600
286,44,5.0,1229817600
580,378,5.0,1346025600
759,376,5.0,1348099200
335,705,4.0,1387324800
805,518,3.0,1366070400
291,224,4.0,1310860800
475,658,5.0,1387584000
185,141,5.0,1326844800
374,290,4.0,1331164800
178,378,4.0,1344297600
473,151,5.0,1316649600
204,698,4.0,1385596800
256,593,5.0,1383350400
47,835,4.0,1397347200
829,315,5.0,1341619200
653,377,4.0,1345939200
733,711,3.0,1385078400
795,860,4.0,1405555200
98,293,5.0,1330992000
765,613,4.0,1381190400
434,392,5.0,1350950400
233,699,5.0,1382832000
172,478,4.0,1350345600
782,473,2.0,1364256000
386,511,4.0,1396310400
260,146,4.0,1380758400
534,163,3.0,1320796800
329,613,5.0,1383955200
444,566,5.0,1376524800
452,311,4.0,1338854400
793,521,1.0,1366502400
666,473,3.0,1348531200
385,44,4.0,1222128000
328,247,5.0,1318464000
405,185,4.0,1307923200
180,670,4.0,1373500800
324,369,4.0,1346889600
565,323,5.0,1336694400
243,146,4.0,1379548800
621,159,4.0,1342137600
41,363,5.0,1377734400
515,476,4.0,1348012800
204,558,5.0,1384300800
894,500,5.0,1365120000
431,638,4.0,1380153600
199,212,4.0,1317081600
330,20,5.0,1347926400
331,30,4.0,1352937600
86,139,5.0,1322352000
537,376,4.0,1345680000
246,178,4.0,1310601600
26,668,4.0,1377302400
118,199,4.0,1317254400
40,0,4.0,1356825600
367,263,2.0,1317772800
851,319,4.0,1340236800
591,51,5.0,1357430400
24,267,5.0,1323561600
448,154,4.0,1319241600
638,316,5.0,1338508800
519,321,4.0,1342569600
444,628,5.0,1385856000
780,242,4.0,1316822400
44,179,4.0,1325116800
792,168,4.0,1322352000
203,854,5.0,1398038400
911,741,3.0,1386115200
26,837,4.0,1396656000
727,585,2.0,1390867200
648,823,5.0,1394582400
448,405,2.0,1351036800
582,859,5.0,1403481600
453,723,4.0,1383782400
423,229,2.0,1318982400
407,46,5.0,1377043200
38,465,4.0,1377302400
737,524,4.0,1362009600
673,246,3.0,1326067200
359,367,3.0,1349395200
637,753,4.0,1380153600
42,174,5.0,1381104000
700,337,5.0,1338508800
591,423,5.0,1352246400
318,855,4.0,1390780800
190,646,5.0,1373932800
154,401,3.0,1365811200
905,260,4.0,1316736000
223,273,5.0,1353369600
723,475,2.0,1347408000
49,143,4.0,1320796800
309,406,3.0,1351036800
870,629,4.0,1383868800
824,141,4.0,1321315200
158,822,3.0,1397088000
841,217,5.0,1354060800
906,583,5.0,1383609600
177,625,5.0,1381104000
73,747,3.0,1379894400
467,455,3.0,1341360000
522,266,4.0,1324425600
258,535,4.0,1380758400
310,272,4.0,1348444800
83,747,5.0,1377734400
445,112,5.0,1351382400
126,548,4.0,1373846400
85,484,4.0,1346025600
389,163,3.0,1317686400
205,854,4.0,1395619200
29,706,5.0,1379462400
816,829,3.0,1395100800
574,58,5.0,1384905600
401,172,5.0,1318377600
677,61,5.0,1384992000
666,742,5.0,1388275200
278,590,5.0,1386633600
268,596,5.0,1384819200
500,853,5.0,1398211200
387,836,4.0,1393286400
845,196,4.0,1316044800
864,181,3.0,1343779200
108,354,5.0,1345075200
573,420,5.0,1350950400
721,367,2.0,1357516800
286,869,3.0,1404691200
263,395,4.0,1357084800
816,613,4.0,1377475200
166,149,4.0,1343001600
325,311,5.0,1338508800
644,459,4.0,1345420800
419,496,5.0,1391385600
8,634,5.0,1384819200
151,69,5.0,1314921600
269,165,4.0,1316908800
126,319,5.0,1337126400
247,854,5.0,1394582400
613,321,5.0,1346025600
383,24,5.0,1187568000
306,601,4.0,1383436800
831,741,3.0,1386201600
444,768,5.0,1387411200
330,648,4.0,1388361600
448,809,4.0,1403136000
539,752,3.0,1377216000
733,613,5.0,1387324800
34,550,4.0,1379721600
601,730,3.0,1376611200
651,550,5.0,1372723200
166,168,3.0,1340064000
817,739,4.0,1386633600
329,576,5.0,1386028800
860,188,5.0,1348531200
488,251,4.0,1332288000
740,380,3.0,1351468800
628,179,5.0,1325203200
776,695,4.0,1379289600
542,845,4.0,1405555200
327,600,4.0,1383523200
577,322,3.0,1336694400
248,374,3.0,1335484800
865,190,3.0,1381276800
359,680,5.0,1372982400
311,160,4.0,1337126400
400,162,3.0,1318809600
204,10,3.0,1181779200
358,817,4.0,1396310400
355,502,5.0,1390953600
499,722,3.0,1380844800
760,583,5.0,1386115200
371,715,4.0,1377907200
270,803,5.0,1399507200
292,330,5.0,1350518400
706,518,4.0,1365811200
141,771,4.0,1381363200
535,122,5.0,1293667200
280,631,3.0,1379462400
804,600,4.0,1386201600
344,771,5.0,1379462400
694,66,2.0,1280966400
37,172,5.0,1319673600
835,277,5.0,1354665600
128,465,5.0,1377561600
636,783,5.0,1377820800
716,697,4.0,1385510400
226,204,4.0,1315699200
222,161,5.0,1358121600
664,567,5.0,1374969600
820,352,5.0,1345680000
373,558,5.0,1376870400
122,410,4.0,1347235200
802,233,4.0,1317686400
658,611,4.0,1387065600
50,700,4.0,1379548800
104,421,5.0,1366156800
841,561,5.0,1374710400
308,20,5.0,1343779200
129,131,4.0,1387152000
880,455,3.0,1340668800
829,847,2.0,1394323200
180,28,4.0,1355875200
358,743,4.0,1384560000
474,613,3.0,1383609600
149,480,5.0,1348444800
190,397,4.0,1374624000
55,57,4.0,1263168000
365,813,5.0,1399939200
509,42,4.0,1229472000
11,747,5.0,1385424000
57,91,4.0,1282694400
781,790,5.0,1402358400
562,435,4.0,1346198400
38,547,4.0,1382572800
87,869,5.0,1404604800
864,521,4.0,1368662400
483,72,4.0,1287532800
190,743,4.0,1384041600
796,643,4.0,1385078400
8,372,5.0,1384905600
633,421,5.0,1352678400
37,817,5.0,1397692800
688,854,4.0,1397606400
12,652,3.0,1387411200
205,664,2.0,1372550400
268,440,4.0,1393804800
574,706,5.0,1377302400
775,263,5.0,1317168000
546,806,5.0,1401840000
915,811,5.0,1400025600
503,340,5.0,1359244800
916,608,5.0,1382400000
918,785,5.0,1392768000
690,538,3.0,1369785600
160,428,1.0,1346889600
807,598,3.0,1383523200
429,628,5.0,1383264000
165,433,3.0,1348099200
741,755,5.0,1379030400
350,710,4.0,1384560000
731,616,5.0,1397692800
47,269,4.0,1342742400
183,231,5.0,1316476800
61,339,5.0,1341446400
691,809,3.0,1398988800
233,628,4.0,1383091200
374,395,2.0,1349136000
749,86,3.0,1290470400
428,715,5.0,1377043200
41,764,5.0,1386720000
336,511,5.0,1395360000
37,776,4.0,1392854400
110,483,5.0,1358985600
89,387,2.0,1346112000
60,773,4.0,1384214400
816,772,4.0,1384992000
212,158,4.0,1337212800
476,637,5.0,1372118400
223,52,5.0,1352937600
109,762,5.0,1383696000
215,572,4.0,1378425600
257,320,5.0,1365552000
306,781,3.0,1377302400
40,832,3.0,1399075200
132,173,5.0,1309046400
275,459,5.0,1361404800
737,699,5.0,1384992000
805,868,5.0,1405382400
8,496,4.0,1392768000
691,98,4.0,1306454400
766,92,4.0,1280102400
474,258,4.0,1342915200
255,669,5.0,1389052800
151,7,4.0,1384992000
145,291,4.0,1334620800
547,383,3.0,1355011200
567,301,5.0,1347235200
818,692,4.0,1383436800
90,52,4.0,1348790400
174,159,5.0,1342742400
821,169,5.0,1319673600
639,568,4.0,1379462400
730,749,4.0,1380499200
630,697,4.0,1381968000
467,339,5.0,1338940800
191,30,5.0,1351036800
805,783,4.0,1380326400
27,776,3.0,1388448000
268,811,4.0,1399852800
336,459,5.0,1343779200
5,401,3.0,1350172800
515,838,4.0,1396915200
41,595,4.0,1377734400
437,182,5.0,1343347200
227,20,4.0,1344470400
473,784,4.0,1383696000
167,648,4.0,1383091200
110,116,3.0,1344384000
212,408,3.0,1349308800
208,809,4.0,1399852800
643,820,5.0,1390003200
345,260,4.0,1319587200
903,401,5.0,1354320000
352,266,5.0,1329350400
249,69,4.0,1314144000
647,109,5.0,1298419200
425,260,5.0,1319500800
543,603,5.0,1386806400
291,584,4.0,1379030400
248,724,4.0,1377907200
770,107,3.0,1313280000
201,727,3.0,1379376000
515,639,5.0,1388620800
419,219,4.0,1346198400
213,763,5.0,1383696000
73,860,2.0,1404950400
80,21,3.0,1335916800
472,337,3.0,1338336000
149,204,4.0,1314230400
741,801,5.0,1388361600
363,667,4.0,1379548800
277,308,5.0,1363737600
636,142,2.0,1322611200
107,565,4.0,1372723200
458,169,5.0,1319068800
37,754,5.0,1387238400
454,31,4.0,1349049600
295,723,5.0,1380153600
10,444,4.0,1348444800
607,113,3.0,1319846400
526,636,5.0,1380153600
431,624,4.0,1371772800
355,34,4.0,1316649600
358,680,4.0,1373760000
41,295,5.0,1329955200
792,781,5.0,1379116800
45,752,4.0,1379289600
362,264,3.0,1336262400
543,451,4.0,1352937600
602,796,4.0,1404864000
4,494,3.0,1365120000
20,817,4.0,1393632000
287,117,4.0,1327536000
345,616,4.0,1398211200
765,316,4.0,1338076800
138,266,4.0,1322611200
249,674,5.0,1372636800
374,559,5.0,1362614400
312,160,4.0,1367366400
286,214,4.0,1363651200
681,117,3.0,1314144000
792,465,5.0,1344470400
35,705,4.0,1385078400
447,582,5.0,1383091200
204,422,5.0,1382918400
140,502,4.0,1386201600
324,35,3.0,1340841600
84,38,5.0,1225065600
416,142,4.0,1320019200
425,106,4.0,1292889600
617,336,4.0,1366243200
638,390,2.0,1352678400
204,190,5.0,1383696000
243,511,5.0,1395273600
721,74,3.0,1282608000
548,407,4.0,1349568000
205,808,3.0,1399507200
288,458,5.0,1343433600
48,652,2.0,1383609600
178,413,5.0,1341100800
158,192,5.0,1315872000
384,421,5.0,1353715200
219,20,5.0,1344988800
767,93,2.0,1297728000
737,181,5.0,1345075200
80,2,4.0,1352073600
123,538,3.0,1369267200
33,70,4.0,1317600000
605,562,3.0,1390521600
351,740,5.0,1396569600
861,550,4.0,1372377600
856,830,4.0,1394236800
596,51,4.0,1362009600
912,465,5.0,1379808000
271,135,3.0,1352246400
845,372,5.0,1387411200
761,154,4.0,1322006400
765,363,4.0,1380758400
359,791,4.0,1398038400
440,312,5.0,1350777600
474,449,4.0,1349568000
658,773,3.0,1385164800
257,337,5.0,1338422400
205,327,5.0,1345075200
298,63,5.0,1379808000
412,647,4.0,1367107200
237,825,5.0,1391212800
721,827,5.0,1395878400
412,562,4.0,1392249600
749,784,4.0,1395187200
38,176,3.0,1310515200
838,642,4.0,1373155200
704,572,3.0,1379808000
884,502,3.0,1385510400
507,39,4.0,1228262400
354,21,4.0,1337126400
629,697,5.0,1381881600
272,14,5.0,1350432000
350,175,4.0,1309132800
636,849,5.0,1394409600
370,271,4.0,1359504000
910,304,5.0,1355270400
39,619,1.0,1386374400
856,303,4.0,1343174400
820,622,4.0,1381363200
87,399,5.0,1347235200
356,406,5.0,1355788800
184,147,5.0,1357689600
123,573,5.0,1383177600
353,723,2.0,1381708800
399,278,5.0,1401494400
531,191,5.0,1316476800
899,496,2.0,1391040000
873,416,4.0,1359590400
372,180,4.0,1315872000
162,512,5.0,1383782400
558,265,5.0,1361404800
216,504,4.0,1379980800
884,465,5.0,1379203200
60,598,4.0,1384214400
675,621,4.0,1373241600
70,116,4.0,1315872000
306,116,3.0,1315008000
558,480,4.0,1352678400
195,661,1.0,1373068800
404,417,4.0,1356480000
744,810,3.0,1403136000
186,807,3.0,1403049600
581,95,4.0,1287532800
594,271,5.0,1369267200
150,455,4.0,1358812800
212,804,4.0,1402963200
548,59,4.0,1351468800
11,126,3.0,1358640000
460,352,2.0,1356739200
323,227,5.0,1318809600
382,431,3.0,1346976000
44,460,4.0,1357084800
619,486,5.0,1346457600
475,539,5.0,1382400000
918,764,5.0,1389571200
3,245,3.0,1343433600
353,609,4.0,1373932800
634,579,4.0,1386633600
208,168,5.0,1318896000
103,863,2.0,1404259200
461,764,5.0,1386720000
163,338,5.0,1342656000
109,62,5.0,1382659200
604,263,4.0,1317081600
621,804,2.0,1398124800
892,550,5.0,1373155200
188,759,5.0,1381881600
431,680,3.0,1374796800
171,272,4.0,1350691200
211,429,5.0,1347494400
263,345,5.0,1331769600
893,645,4.0,1378425600
511,267,5.0,1329955200
300,316,5.0,1339804800
163,472,5.0,1352419200
797,113,4.0,1314662400
313,19,4.0,1340323200
887,510,4.0,1381795200
913,646,4.0,1371686400
674,472,4.0,1355097600
506,306,4.0,1367971200
850,148,4.0,1354233600
53,1,3.0,1324252800
47,688,4.0,1372291200
661,570,5.0,1362096000
201,76,3.0,1290038400
176,251,4.0,1317168000
315,754,2.0,1377907200
619,209,5.0,1319932800
251,427,4.0,1345507200
875,352,4.0,1350864000
139,704,5.0,1379203200
20,712,4.0,1383436800
604,275,4.0,1405555200
199,204,4.0,1317081600
862,722,4.0,1383177600
504,426,5.0,1342656000
538,820,4.0,1392595200
668,559,5.0,1363824000
764,98,4.0,1288224000
314,639,3.0,1389830400
17,558,5.0,1385251200
95,509,3.0,1360886400
320,481,5.0,1358121600
76,474,5.0,1350432000
776,636,4.0,1385510400
762,336,5.0,1355616000
148,789,3.0,1398988800
446,687,4.0,1372464000
233,631,4.0,1377561600
136,720,5.0,1375833600
595,51,5.0,1353456000
18,173,5.0,1327708800
668,313,4.0,1343260800
386,103,5.0,1292457600
777,793,5.0,1384646400
452,168,3.0,1317168000
106,311,5.0,1338595200
489,740,5.0,1378857600
676,854,5.0,1395792000
29,276,5.0,1340150400
778,165,4.0,1321488000
126,73,4.0,1294185600
71,26,5.0,1389830400
701,410,4.0,1347840000
515,560,4.0,1379462400
588,55,5.0,1290988800
63,69,2.0,1353888000
912,860,4.0,1404086400
591,343,5.0,1354752000
682,267,3.0,1322352000
490,327,4.0,1341446400
598,687,4.0,1374969600
460,805,4.0,1398297600
151,698,3.0,1385510400
204,548,4.0,1369872000
513,473,4.0,1350432000
343,508,4.0,1361404800
436,442,4.0,1364169600
272,150,4.0,1342656000
3,800,4.0,1399593600
118,95,4.0,1285113600
185,204,4.0,1321488000
827,744,3.0,1377216000
581,201,4.0,1318032000
10,281,4.0,1330214400
663,550,4.0,1372982400
146,662,4.0,1380844800
148,857,4.0,1393718400
335,635,4.0,1375833600
584,95,5.0,1285718400
268,110,4.0,1290988800
683,556,4.0,1385078400
331,324,5.0,1350518400
396,417,5.0,1345075200
212,95,4.0,1342483200
488,560,4.0,1377129600
41,695,5.0,1375660800
73,216,3.0,1364601600
577,313,4.0,1340150400
561,326,4.0,1358985600
826,591,3.0,1383782400
353,783,4.0,1378339200
730,833,4.0,1398297600
379,257,4.0,1357171200
329,422,5.0,1382572800
734,254,4.0,1322784000
775,351,5.0,1346630400
636,642,5.0,1374105600
58,847,2.0,1393545600
324,385,4.0,1355875200
842,741,3.0,1384300800
565,263,4.0,1318896000
584,747,4.0,1386633600
776,269,5.0,1336608000
598,844,2.0,1397347200
805,495,4.0,1355356800
796,168,4.0,1319068800
438,555,3.0,1378857600
214,191,3.0,1318464000
214,57,5.0,1262044800
135,106,4.0,1294963200
749,478,5.0,1347753600
355,300,4.0,1340496000
521,684,4.0,1379548800
218,454,2.0,1348012800
89,222,4.0,1316563200
126,54,5.0,1340236800
79,73,4.0,1292544000
324,460,3.0,1343174400
226,168,4.0,1318291200
883,854,5.0,1397520000
14,437,3.0,1385856000
412,846,3.0,1394582400
466,759,4.0,1382659200
307,148,4.0,1356393600
255,729,3.0,1377475200
273,588,5.0,1377820800
174,398,5.0,1350864000
161,811,4.0,1398988800
506,57,4.0,1264550400
34,324,5.0,1356566400
278,825,1.0,1393977600
726,179,2.0,1350345600
287,402,5.0,1349740800
45,802,5.0,1403049600
397,26,5.0,1385424000
554,46,5.0,1377129600
404,634,3.0,1385856000
740,266,2.0,1327017600
487,637,5.0,1376524800
602,704,5.0,1378684800
670,70,5.0,1293580800
402,389,3.0,1366243200
483,800,3.0,1400976000
208,832,3.0,1399766400
542,531,4.0,1374710400
214,687,3.0,1372464000
661,864,5.0,1404432000
3,530,4.0,1356998400
389,35,3.0,1319760000
257,442,3.0,1361404800
910,535,5.0,1382745600
278,488,5.0,1351123200
845,702,5.0,1387411200
549,644,3.0,1374710400
116,495,3.0,1366243200
323,784,4.0,1383868800
385,396,4.0,1348704000
180,242,1.0,1318204800
161,519,4.0,1362355200
205,844,3.0,1395619200
158,267,4.0,1324512000
745,386,5.0,1350000000
453,772,5.0,1386201600
106,12,4.0,1353888000
571,825,4.0,1392854400
819,581,5.0,1383091200
693,639,4.0,1389744000
433,616,4.0,1395619200
792,551,5.0,1381881600
348,239,3.0,1315958400
723,231,4.0,1316649600
348,266,4.0,1324425600
605,690,5.0,1382745600
895,677,5.0,1376524800
447,151,4.0,1316736000
695,67,4.0,1304899200
819,423,5.0,1352332800
735,125,5.0,1358380800
461,843,4.0,1394323200
291,783,3.0,1381104000
673,791,5.0,1398384000
93,808,3.0,1400544000
689,418,4.0,1347580800
876,696,5.0,1379721600
1,292,4.0,1329955200
589,833,5.0,1395619200
506,403,4.0,1350518400
546,394,2.0,1349222400
598,570,4.0,1367539200
848,758,5.0,1379376000
19,324,4.0,1353110400
666,601,5.0,1387238400
556,302,5.0,1346457600
207,476,2.0,1348012800
685,601,5.0,1383177600
815,768,5.0,1383264000
20,707,5.0,1380931200
213,752,5.0,1375228800
356,73,3.0,1287964800
95,106,3.0,1293580800
94,757,3.0,1378857600
293,506,5.0,1361318400
476,613,5.0,1384214400
560,712,4.0,1387324800
579,191,4.0,1323561600
386,694,3.0,1383696000
510,293,4.0,1330387200
350,30,5.0,1351209600
609,598,5.0,1383696000
864,731,3.0,1375660800
80,113,4.0,1315353600
158,119,4.0,1315872000
625,594,4.0,1383177600
865,583,4.0,1385769600
655,697,4.0,1384819200
316,727,4.0,1377475200
63,286,4.0,1337731200
701,530,4.0,1358035200
693,199,3.0,1318550400
365,219,5.0,1316649600
149,28,5.0,1354320000
421,394,4.0,1349136000
774,622,3.0,1379289600
328,511,5.0,1396569600
227,166,4.0,1321488000
557,646,5.0,1369872000
525,573,5.0,1382745600
316,145,5.0,1365120000
32,855,5.0,1392249600
830,249,3.0,1343260800
486,720,5.0,1373587200
669,103,5.0,1291939200
113,65,5.0,1287878400
366,178,3.0,1309564800
422,396,4.0,1349049600
850,727,4.0,1378425600
584,854,5.0,1397606400
129,185,4.0,1306800000
801,496,5.0,1391731200
250,330,5.0,1354147200
193,338,3.0,1342569600
575,128,2.0,1318982400
259,14,5.0,1348444800
396,419,5.0,1358208000
668,359,3.0,1380412800
378,23,2.0,1356912000
71,788,5.0,1401321600
129,436,3.0,1344038400
146,73,5.0,1289865600
705,797,4.0,1401235200
138,228,4.0,1383955200
365,297,3.0,1330905600
394,375,4.0,1346025600
838,140,5.0,1344729600
873,170,4.0,1317081600
329,80,4.0,1287100800
351,155,3.0,1336176000
635,107,5.0,1318809600
234,724,4.0,1379635200
274,19,5.0,1339632000
731,707,4.0,1384905600
656,421,5.0,1354665600
843,582,5.0,1387238400
126,725,3.0,1379462400
908,664,4.0,1372896000
816,143,3.0,1319846400
908,540,5.0,1384473600
36,15,5.0,1337817600
427,323,3.0,1345075200
8,578,5.0,1387411200
430,633,4.0,1381017600
649,320,5.0,1348617600
533,372,5.0,1380585600
329,653,5.0,1383177600
543,463,3.0,1358380800
906,419,5.0,1362182400
816,370,4.0,1348272000
630,199,4.0,1316649600
557,716,5.0,1386201600
462,233,5.0,1317254400
8,420,5.0,1352764800
473,566,4.0,1373328000
872,283,4.0,1365206400
541,267,3.0,1325462400
406,720,5.0,1372204800
362,404,4.0,1350172800
374,467,5.0,1372896000
33,552,4.0,1385856000
852,434,5.0,1345593600
595,337,5.0,1339027200
833,136,3.0,1311292800
149,86,4.0,1281139200
85,380,4.0,1349136000
467,716,3.0,1381190400
582,559,5.0,1361923200
842,317,5.0,1339545600
786,820,4.0,1392768000
895,226,4.0,1317168000
815,534,4.0,1380844800
629,724,5.0,1378080000
293,315,5.0,1337990400
682,99,3.0,1289692800
333,535,5.0,1380067200
616,418,4.0,1348617600
804,294,2.0,1330473600
3,732,4.0,1379980800
204,854,5.0,1395360000
636,810,5.0,1401235200
389,823,2.0,1397606400
429,582,4.0,1386201600
708,834,4.0,1396051200
817,491,4.0,1351641600
323,149,4.0,1342396800
326,730,4.0,1376870400
228,541,4.0,1377475200
504,487,5.0,1345680000
164,15,4.0,1342051200
111,732,5.0,1386115200
114,92,5.0,1280275200
422,424,3.0,1351123200
733,660,3.0,1387411200
8,226,4.0,1315958400
870,828,1.0,1402272000
529,128,4.0,1319068800
151,712,4.0,1383523200
531,712,5.0,1387324800
854,680,1.0,1376524800
601,667,5.0,1376611200
213,392,4.0,1349395200
418,313,3.0,1347926400
826,843,3.0,1393977600
97,862,5.0,1405900800
797,431,4.0,1346284800
381,585,3.0,1392508800
20,263,5.0,1320105600
212,112,5.0,1353369600
603,153,3.0,1317168000
439,789,5.0,1402099200
847,669,3.0,1384992000
564,716,5.0,1384646400
368,353,5.0,1352937600
206,854,5.0,1397606400
600,131,4.0,1387324800
542,45,4.0,1321488000
333,194,4.0,1314403200
575,380,5.0,1358380800
163,122,5.0,1289088000
434,57,1.0,1263340800
317,407,3.0,1351382400
846,426,5.0,1340841600
177,546,4.0,1381276800
439,240,4.0,1316476800
427,216,3.0,1366416000
583,313,5.0,1339027200
212,585,4.0,1392854400
14,783,2.0,1381795200
375,423,4.0,1348617600
205,414,4.0,1342742400
81,484,5.0,1346198400
149,530,5.0,1356912000
444,684,5.0,1379462400
661,648,5.0,1383868800
28,354,4.0,1343952000
826,673,4.0,1377388800
812,446,3.0,1351123200
45,303,5.0,1348012800
522,744,5.0,1378339200
144,75,4.0,1280275200
698,600,5.0,1388448000
597,594,5.0,1381622400
268,863,3.0,1404432000
753,363,4.0,1387324800
243,842,4.0,1395273600
696,200,5.0,1314316800
183,119,4.0,1315526400
351,201,5.0,1315353600
365,503,5.0,1352764800
123,55,5.0,1292976000
723,194,4.0,1315958400
758,419,5.0,1352332800
776,337,5.0,1347494400
283,406,4.0,1352764800
916,787,5.0,1398297600
202,638,4.0,1377043200
370,122,5.0,1288051200
295,721,5.0,1375747200
83,725,5.0,1377302400
95,140,4.0,1341619200
507,141,4.0,1329868800
420,755,4.0,1379548800
349,810,5.0,1399593600
236,28,4.0,1354579200
511,688,3.0,1370822400
365,735,5.0,1377820800
769,845,5.0,1404345600
848,540,5.0,1386288000
431,542,3.0,1365120000
76,276,5.0,1337040000
580,519,4.0,1365120000
13,187,5.0,1308700800
422,243,4.0,1318982400
434,297,4.0,1331596800
584,436,3.0,1344902400
442,451,2.0,1343260800
862,601,5.0,1382745600
753,400,3.0,1349136000
336,711,5.0,1381968000
210,760,4.0,1380153600
193,647,4.0,1368835200
24,102,4.0,1290384000
683,161,5.0,1339459200
538,56,3.0,1331856000
175,331,5.0,1341619200
329,738,5.0,1385856000
647,750,5.0,1376179200
585,487,4.0,1344211200
113,770,4.0,1379548800
844,639,4.0,1389225600
88,267,4.0,1324512000
504,697,4.0,1381363200
878,175,4.0,1313625600
81,251,4.0,1316908800
602,771,3.0,1377648000
882,508,4.0,1361404800
287,799,4.0,1398297600
422,417,4.0,1343865600
184,820,5.0,1399420800
774,430,4.0,1345075200
174,592,3.0,1385424000
366,57,3.0,1262822400
370,524,2.0,1360713600
152,165,3.0,1319328000
886,578,5.0,1385510400
682,350,4.0,1381708800
418,28,4.0,1360454400
533,815,4.0,1393545600
168,207,5.0,1311897600
231,745,5.0,1379116800
315,448,4.0,1360540800
123,632,4.0,1383436800
431,654,3.0,1381968000
8,571,4.0,1376092800
21,711,3.0,1384646400
456,598,3.0,1384646400
157,770,3.0,1378339200
446,30,4.0,1353369600
478,496,3.0,1393200000
547,45,3.0,1321660800
662,845,3.0,1404000000
910,338,4.0,1343260800
222,311,4.0,1338336000
423,106,2.0,1292457600
596,338,4.0,1345680000
98,204,5.0,1315267200
335,324,5.0,1354924800
765,352,4.0,1356480000
429,379,3.0,1345766400
661,631,5.0,1377129600
255,28,4.0,1353888000
642,144,3.0,1330128000
156,731,4.0,1375920000
850,646,5.0,1370304000
278,629,5.0,1386028800
534,153,5.0,1327881600
233,711,4.0,1382918400
749,760,5.0,1381968000
425,741,4.0,1381536000
340,313,4.0,1339459200
796,323,5.0,1337212800
792,154,5.0,1317081600
441,768,4.0,1385337600
450,368,3.0,1352937600
228,446,2.0,1351728000
169,328,5.0,1356739200
778,212,3.0,1321488000
765,392,4.0,1353542400
204,404,4.0,1366156800
536,44,5.0,1222992000
52,225,4.0,1316131200
685,231,5.0,1316476800
410,374,3.0,1332460800
818,459,3.0,1345075200
792,736,4.0,1381536000
329,462,5.0,1350518400
303,701,5.0,1376870400
700,68,5.0,1282089600
349,594,4.0,1382659200
29,18,4.0,1326412800
468,38,5.0,1226448000
733,710,4.0,1385769600
594,715,5.0,1381017600
780,617,5.0,1377648000
649,785,5.0,1388707200
631,484,5.0,1346544000
224,351,4.0,1356566400
254,527,4.0,1372291200
480,732,4.0,1378857600
770,720,4.0,1376265600
830,597,3.0,1382572800
593,721,3.0,1377043200
47,737,4.0,1379548800
408,709,5.0,1377820800
625,677,5.0,1378339200
216,533,4.0,1370822400
402,99,4.0,1289174400
128,511,4.0,1395187200
206,122,5.0,1290470400
542,248,4.0,1350864000
734,246,4.0,1325289600
401,364,5.0,1383436800
289,366,4.0,1348704000
870,651,4.0,1388361600
338,610,5.0,1405555200
250,159,4.0,1344384000
39,705,5.0,1387152000
154,494,2.0,1365897600
128,401,4.0,1349568000
222,738,4.0,1386288000
27,393,4.0,1348704000
894,571,5.0,1375315200
398,630,2.0,1377993600
178,585,4.0,1389571200
594,367,3.0,1356566400
151,766,4.0,1383782400
324,639,3.0,1389830400
326,68,4.0,1282003200
914,460,5.0,1343174400
511,562,4.0,1391904000
53,700,3.0,1384387200
51,48,1.0,1377734400
282,156,3.0,1361232000
5,773,3.0,1385078400
38,705,4.0,1382572800
654,281,4.0,1332201600
258,480,5.0,1348617600
850,371,5.0,1384041600
365,470,4.0,1362960000
163,811,4.0,1399420800
843,144,2.0,1321228800
249,313,5.0,1338768000
666,421,4.0,1352764800
786,550,4.0,1376438400
37,783,3.0,1381968000
502,690,4.0,1387411200
105,231,5.0,1324512000
392,634,5.0,1385510400
257,514,2.0,1359417600
629,696,5.0,1377993600
887,420,4.0,1355961600
447,667,4.0,1377475200
434,785,5.0,1392768000
772,95,5.0,1290384000
408,27,5.0,1387324800
424,386,5.0,1345507200
86,336,4.0,1350518400
867,732,4.0,1381795200
885,688,5.0,1369872000
416,28,5.0,1296000000
154,229,1.0,1321920000
476,832,4.0,1398556800
463,849,4.0,1390867200
330,767,4.0,1400112000
788,355,5.0,1340841600
521,671,3.0,1381968000
889,769,4.0,1384992000
120,408,1.0,1350432000
639,357,4.0,1364083200
829,532,5.0,1375142400
366,80,4.0,1283731200
169,73,4.0,1288224000
610,52,4.0,1353024000
399,732,4.0,1384992000
222,249,5.0,1342051200
465,414,4.0,1342915200
107,362,3.0,1382659200
374,455,5.0,1341878400
85,718,5.0,1373328000
641,435,5.0,1346112000
124,803,3.0,1399334400
421,603,5.0,1386201600
577,341,4.0,1361664000
95,778,4.0,1387929600
194,371,3.0,1380153600
679,220,5.0,1317513600
236,465,5.0,1354233600
441,428,1.0,1347840000
415,148,5.0,1356566400
184,199,4.0,1318550400
702,192,4.0,1314921600
144,308,4.0,1339027200
729,95,3.0,1287187200
541,395,3.0,1364169600
391,844,5.0,1400112000
175,148,4.0,1353369600
783,100,3.0,1376956800
458,792,4.0,1403049600
516,41,5.0,1354492800
66,167,4.0,1318809600
771,466,5.0,1365120000
504,323,4.0,1345680000
489,471,4.0,1363737600
147,7,4.0,1385510400
147,571,3.0,1379376000
452,846,1.0,1393286400
440,345,4.0,1333324800
106,340,5.0,1358812800
442,517,5.0,1356652800
119,5,2.0,1300320000
537,474,5.0,1357516800
501,798,2.0,1405900800
386,790,4.0,1401667200
645,851,2.0,1404259200
741,833,5.0,1395792000
522,668,4.0,1375747200
177,731,3.0,1376438400
805,326,4.0,1355356800
492,440,5.0,1396483200
858,677,4.0,1382572800
391,486,3.0,1349481600
462,59,5.0,1351382400
176,653,5.0,1381881600
20,465,5.0,1378425600
336,30,4.0,1352937600
325,249,5.0,1341532800
45,235,4.0,1387065600
605,478,4.0,1347753600
129,484,4.0,1346889600
270,455,5.0,1345593600
57,1,3.0,1322611200
514,755,5.0,1377388800
622,447,5.0,1353715200
201,248,5.0,1343174400
791,835,3.0,1397779200
533,45,3.0,1316736000
634,321,5.0,1344038400
170,81,5.0,1288051200
853,462,3.0,1350259200
321,158,5.0,1363737600
36,350,5.0,1384128000
328,99,5.0,1295481600
128,396,5.0,1349740800
50,243,3.0,1323129600
174,586,5.0,1374624000
65,326,4.0,1358899200
808,245,3.0,1319068800
168,496,5.0,1391212800
511,811,4.0,1400716800
584,464,5.0,1344902400
277,79,2.0,1290038400
64,854,5.0,1395792000
53,603,5.0,1387152000
269,398,5.0,1343088000
414,28,4.0,1356393600
270,831,2.0,1394928000
88,44,4.0,1223424000
338,118,4.0,1323907200
810,123,3.0,1317859200
428,29,3.0,1376524800
920,521,4.0,1363132800
208,707,4.0,1380153600
218,529,5.0,1377302400
253,833,5.0,1394150400
53,815,5.0,1397433600
554,326,5.0,1357084800
316,625,5.0,1381449600
522,784,5.0,1384905600
741,366,5.0,1344124800
145,7,5.0,1385424000
758,823,4.0,1396569600
161,769,4.0,1383696000
407,479,5.0,1343865600
533,59,5.0,1353024000
895,819,3.0,1397606400
472,654,3.0,1379980800
604,838,4.0,1396396800
710,352,4.0,1346025600
706,446,3.0,1356566400
327,320,5.0,1350172800
175,71,5.0,1280188800
666,323,5.0,1337731200
148,137,4.0,1337126400
821,127,5.0,1319673600
500,201,4.0,1314576000
204,269,5.0,1336003200
21,655,4.0,1385856000
212,719,3.0,1381881600
828,267,4.0,1323216000
296,16,4.0,1365465600
741,314,5.0,1381449600
302,17,5.0,1350432000
563,795,4.0,1385164800
74,16,4.0,1350432000
686,840,4.0,1404259200
851,462,4.0,1367452800
132,417,5.0,1344902400
730,155,1.0,1337040000
793,118,4.0,1317686400
261,183,3.0,1331164800
640,517,4.0,1363824000
524,255,4.0,1316044800
448,606,3.0,1375747200
812,387,4.0,1348099200
543,305,3.0,1346457600
87,300,5.0,1350432000
337,388,5.0,1368144000
670,634,4.0,1386288000
128,629,5.0,1381536000
632,446,2.0,1355875200
26,573,5.0,1384732800
440,523,5.0,1361836800
324,565,4.0,1376438400
195,54,1.0,1353974400
54,833,5.0,1394150400
442,336,5.0,1349308800
63,711,3.0,1383177600
530,213,4.0,1317254400
12,372,5.0,1387411200
491,462,4.0,1351036800
726,773,5.0,1387411200
537,783,4.0,1381968000
768,398,4.0,1357776000
102,546,2.0,1376611200
871,339,4.0,1338508800
409,628,5.0,1385424000
255,278,3.0,1404345600
898,235,3.0,1382745600
341,464,5.0,1355788800
140,251,5.0,1316649600
571,348,5.0,1374537600
407,239,1.0,1328659200
63,309,4.0,1343347200
805,764,5.0,1386720000
541,77,4.0,1281398400
792,647,5.0,1371081600
546,846,3.0,1397606400
338,620,3.0,1386633600
24,737,4.0,1377648000
113,846,3.0,1394928000
384,711,4.0,1385251200
734,612,5.0,1392854400
3,846,2.0,1395878400
160,749,4.0,1378080000
631,655,4.0,1385856000
214,586,5.0,1373760000
41,652,2.0,1377734400
684,583,4.0,1386633600
511,586,3.0,1375056000
278,690,5.0,1386028800
351,342,4.0,1356652800
874,513,5.0,1360627200
580,849,4.0,1392768000
37,72,4.0,1297641600
93,285,4.0,1334707200
227,425,4.0,1350518400
715,672,3.0,1376784000
510,851,4.0,1401494400
530,152,5.0,1389139200
464,521,4.0,1364083200
281,101,1.0,1284595200
358,781,4.0,1379376000
631,563,4.0,1381276800
16,0,4.0,1351814400
246,606,5.0,1375228800
811,733,5.0,1378339200
153,802,4.0,1403136000
50,475,5.0,1352246400
173,8,5.0,1353369600
879,176,4.0,1311206400
791,497,2.0,1365120000
287,814,4.0,1394150400
214,11,5.0,1344470400
682,319,3.0,1341705600
83,117,5.0,1322352000
470,318,5.0,1339286400
94,107,5.0,1290988800
146,739,3.0,1384128000
583,259,5.0,1324339200
172,159,3.0,1352246400
148,7,5.0,1382572800
508,493,4.0,1366761600
598,421,3.0,1352937600
636,868,5.0,1404259200
546,702,2.0,1386288000
840,826,5.0,1389312000
776,603,5.0,1386115200
214,267,5.0,1323907200
220,845,4.0,1405900800
630,727,4.0,1379808000
800,847,2.0,1393459200
624,827,4.0,1394928000
860,157,4.0,1349136000
774,672,2.0,1376524800
438,52,5.0,1350259200
900,727,3.0,1381968000
509,766,3.0,1387238400
239,12,5.0,1354924800
698,99,4.0,1288828800
831,614,5.0,1370563200
803,380,4.0,1350086400
122,222,4.0,1325548800
776,769,4.0,1387152000
286,388,5.0,1350259200
903,731,5.0,1376524800
733,699,5.0,1387324800
779,105,1.0,1290816000
576,716,3.0,1383177600
520,853,5.0,1400025600
530,600,5.0,1383177600
644,260,5.0,1316476800
419,150,3.0,1341446400
351,471,5.0,1362787200
470,476,3.0,1344816000
491,56,4.0,1326931200
738,601,5.0,1385510400
219,161,5.0,1338508800
232,597,4.0,1387238400
277,621,4.0,1373068800
652,729,5.0,1377648000
189,176,3.0,1308787200
402,536,3.0,1361145600
747,827,5.0,1392854400
3,169,4.0,1319155200
187,582,4.0,1383523200
441,750,3.0,1376352000
321,283,1.0,1365379200
817,629,5.0,1383523200
644,322,3.0,1337212800
286,15,5.0,1337212800
433,29,4.0,1374710400
99,651,5.0,1388448000
468,35,4.0,1316908800
193,439,4.0,1359331200
374,695,5.0,1375488000
257,719,2.0,1380499200
619,257,5.0,1357516800
506,78,3.0,1279756800
491,845,4.0,1404172800
630,142,4.0,1319500800
315,668,4.0,1376265600
55,577,4.0,1385942400
436,565,5.0,1375488000
840,639,5.0,1388188800
646,555,5.0,1378166400
679,631,2.0,1379462400
701,194,2.0,1326585600
694,505,5.0,1360540800
33,308,5.0,1347753600
334,640,5.0,1381363200
506,135,5.0,1350518400
163,496,4.0,1391731200
187,536,2.0,1365292800
440,251,5.0,1319673600
110,503,4.0,1361404800
65,504,4.0,1385337600
710,736,4.0,1380067200
34,107,3.0,1302912000
460,767,4.0,1395878400
351,427,5.0,1346198400
205,296,3.0,1343260800
793,111,5.0,1400457600
276,532,5.0,1370563200
408,854,5.0,1397692800
560,531,5.0,1377734400
775,559,5.0,1361923200
386,416,3.0,1360540800
468,164,5.0,1343347200
477,535,4.0,1381104000
318,427,4.0,1348704000
96,320,5.0,1350000000
845,232,5.0,1316649600
287,849,4.0,1391472000
505,784,4.0,1387324800
291,643,5.0,1384992000
595,810,5.0,1399680000
58,277,4.0,1351209600
378,694,4.0,1380672000
472,814,4.0,1396742400
546,198,4.0,1314144000
52,202,4.0,1314057600
610,421,5.0,1351728000
453,67,5.0,1293408000
421,648,3.0,1386201600
430,358,5.0,1356566400
698,421,3.0,1353888000
110,611,5.0,1388361600
755,828,3.0,1397779200
131,377,3.0,1343260800
415,753,3.0,1376870400
62,454,1.0,1358380800
898,768,4.0,1383782400
185,434,4.0,1358899200
300,620,3.0,1381881600
20,750,4.0,1372982400
116,82,3.0,1290038400
757,695,5.0,1372896000
748,731,3.0,1379548800
29,365,4.0,1348531200
775,682,3.0,1395878400
399,839,4.0,1397692800
574,774,5.0,1397606400
561,363,4.0,1385596800
322,687,5.0,1373846400
684,750,4.0,1376524800
188,741,3.0,1387324800
387,646,5.0,1369785600
346,807,4.0,1404086400
564,627,4.0,1382486400
178,8,3.0,1359590400
411,28,3.0,1358380800
559,407,2.0,1356566400
902,538,2.0,1387929600
324,843,4.0,1397692800
41,632,2.0,1383523200
192,13,4.0,1222214400
741,827,3.0,1393200000
117,531,5.0,1374105600
679,375,4.0,1346284800
434,172,5.0,1329177600
803,468,5.0,1363824000
488,37,4.0,1383523200
582,139,4.0,1326844800
448,144,5.0,1317945600
99,113,5.0,1336003200
375,762,5.0,1380758400
519,841,4.0,1405814400
60,490,3.0,1359417600
223,101,1.0,1282780800
97,340,4.0,1355875200
618,400,4.0,1350518400
95,613,4.0,1382832000
267,249,5.0,1342915200
648,488,5.0,1352073600
609,52,2.0,1352073600
856,634,5.0,1383004800
724,656,5.0,1379548800
173,216,5.0,1365638400
748,131,5.0,1386633600
496,54,4.0,1340841600
412,811,5.0,1398470400
757,752,5.0,1372377600
650,346,5.0,1353369600
257,455,3.0,1345507200
399,391,4.0,1355961600
426,104,3.0,1290384000
192,636,5.0,1381968000
702,69,4.0,1347408000
859,200,4.0,1316390400
795,596,4.0,1386115200
641,622,1.0,1375228800
592,665,4.0,1372982400
329,660,5.0,1383177600
65,422,4.0,1385337600
108,492,5.0,1363824000
456,828,3.0,1395619200
613,741,4.0,1385424000
93,339,4.0,1357603200
35,532,4.0,1375833600
555,420,5.0,1351036800
166,749,4.0,1381536000
613,770,4.0,1380585600
37,502,4.0,1390262400
775,246,4.0,1321920000
10,282,4.0,1330560000
746,833,4.0,1397692800
43,8,3.0,1366156800
199,356,5.0,1345075200
92,868,3.0,1404691200
55,52,3.0,1348617600
919,670,4.0,1375315200
122,200,4.0,1314662400
259,612,4.0,1390867200
653,269,5.0,1339632000
11,823,3.0,1394755200
905,790,5.0,1399852800
86,2,4.0,1355097600
565,49,3.0,1292457600
299,513,2.0,1359504000
112,494,5.0,1353888000
419,651,5.0,1389830400
299,16,5.0,1351036800
783,271,3.0,1359417600
47,624,4.0,1372291200
255,587,3.0,1385510400
295,34,5.0,1328140800
45,179,5.0,1316390400
750,323,4.0,1348704000
203,469,4.0,1363651200
146,55,4.0,1292371200
94,679,4.0,1403654400
232,573,4.0,1386979200
349,267,4.0,1322438400
203,364,5.0,1386806400
287,341,5.0,1360886400
349,472,5.0,1350691200
491,137,4.0,1339891200
45,707,1.0,1384819200
375,424,5.0,1351036800
204,642,5.0,1372636800
676,192,4.0,1316476800
16,870,5.0,1405900800
906,798,5.0,1403395200
35,738,2.0,1387584000
49,568,5.0,1376611200
339,470,5.0,1363564800
318,601,4.0,1383436800
29,810,4.0,1403136000
580,266,3.0,1326672000
131,803,4.0,1398729600
500,574,5.0,1380153600
18,390,4.0,1360800000
496,717,4.0,1384905600
272,792,5.0,1400630400
248,666,3.0,1372723200
440,376,4.0,1350604800
180,731,3.0,1376006400
193,536,3.0,1359331200
176,159,5.0,1342224000
230,138,5.0,1354492800
521,341,3.0,1360454400
471,663,5.0,1378339200
164,586,3.0,1374192000
399,26,5.0,1388448000
356,644,4.0,1373846400
3,295,4.0,1330560000
512,40,3.0,1232582400
776,214,4.0,1364256000
128,59,5.0,1351728000
183,605,4.0,1385510400
571,616,5.0,1394582400
208,829,3.0,1399075200
683,347,3.0,1360454400
790,664,1.0,1372723200
323,472,3.0,1350518400
44,112,5.0,1356480000
631,314,4.0,1383264000
58,1,3.0,1323129600
18,5,3.0,1291420800
407,695,5.0,1375833600
228,12,4.0,1351728000
186,313,4.0,1353369600
8,500,3.0,1366070400
321,395,2.0,1365379200
74,194,3.0,1337126400
280,810,3.0,1399852800
50,254,3.0,1324857600
887,777,5.0,1398211200
222,140,5.0,1344038400
154,526,4.0,1365897600
237,844,4.0,1393804800
694,110,5.0,1292112000
158,292,4.0,1331769600
439,30,5.0,1351123200
883,710,4.0,1387324800
566,150,3.0,1341964800
844,459,4.0,1352592000
836,352,4.0,1348012800
178,288,5.0,1332374400
743,724,4.0,1378684800
790,192,5.0,1316044800
406,153,5.0,1318550400
86,697,5.0,1387411200
374,760,5.0,1377648000
286,785,5.0,1390521600
203,530,4.0,1358985600
89,676,3.0,1381536000
748,340,5.0,1358208000
41,736,5.0,1380240000
737,814,5.0,1397692800
436,307,4.0,1352851200
396,380,3.0,1356912000
235,787,5.0,1401148800
795,859,5.0,1403308800
410,276,4.0,1337817600
287,711,5.0,1378944000
842,799,4.0,1402876800
253,803,4.0,1398816000
51,766,4.0,1383696000
350,64,4.0,1279756800
754,816,4.0,1399420800
257,321,5.0,1340755200
152,408,1.0,1350864000
913,629,4.0,1384819200
814,119,4.0,1316044800
244,276,4.0,1347321600
790,603,4.0,1384992000
202,736,4.0,1384905600
858,294,3.0,1331769600
343,189,5.0,1317254400
744,469,5.0,1363824000
539,800,3.0,1398124800
436,842,4.0,1397520000
37,710,3.0,1387411200
249,211,3.0,1316649600
156,579,2.0,1386201600
47,143,4.0,1321488000
208,753,5.0,1379289600
4,701,5.0,1378080000
713,293,3.0,1332201600
805,426,4.0,1342656000
848,676,4.0,1381190400
284,57,4.0,1262822400
550,477,5.0,1349222400
556,827,5.0,1393804800
126,586,4.0,1376352000
434,743,5.0,1385510400
719,73,3.0,1288137600
623,486,3.0,1348617600
640,331,5.0,1342396800
577,267,3.0,1325376000
308,531,4.0,1375142400
49,356,2.0,1341705600
370,35,4.0,1316736000
309,539,4.0,1384992000
388,696,3.0,1377993600
14,870,4.0,1405641600
212,778,4.0,1388361600
279,472,5.0,1352937600
641,849,5.0,1390953600
329,364,5.0,1385769600
194,556,4.0,1380153600
365,392,5.0,1349568000
546,805,4.0,1401840000
144,39,4.0,1227744000
557,196,5.0,1314835200
481,452,5.0,1346198400
61,393,5.0,1351209600
133,189,3.0,1322179200
92,100,2.0,1377734400
131,808,3.0,1397952000
229,670,4.0,1372550400
753,528,3.0,1361577600
541,72,4.0,1285804800
900,518,4.0,1362009600
901,379,3.0,1346803200
405,307,4.0,1353024000
477,566,4.0,1372636800
26,629,4.0,1385164800
110,568,5.0,1377561600
482,830,3.0,1395705600
329,705,5.0,1383264000
718,753,5.0,1379980800
41,61,5.0,1382313600
820,476,5.0,1343347200
419,62,5.0,1287878400
772,833,4.0,1399766400
805,703,4.0,1376438400
891,385,4.0,1350604800
486,37,5.0,1383436800
548,729,3.0,1378512000
151,402,3.0,1351036800
371,106,4.0,1365465600
519,493,4.0,1363651200
61,414,3.0,1343001600
727,81,3.0,1291075200
425,29,3.0,1376870400
453,733,5.0,1380067200
619,728,5.0,1375574400
257,150,4.0,1340755200
788,585,3.0,1391731200
337,361,4.0,1354752000
92,170,4.0,1317600000
158,801,4.0,1388448000
890,342,4.0,1356566400
128,523,3.0,1358985600
851,238,4.0,1382486400
133,684,3.0,1376438400
364,306,4.0,1351123200
668,59,5.0,1351900800
599,629,5.0,1383523200
162,372,4.0,1385251200
584,740,4.0,1376265600
79,651,4.0,1387411200
333,473,4.0,1349654400
616,685,4.0,1373155200
614,561,3.0,1374710400
223,756,5.0,1379289600
640,115,4.0,1320710400
375,401,3.0,1350864000
657,851,3.0,1403136000
20,0,4.0,1357344000
43,258,4.0,1345852800
229,287,5.0,1332460800
129,429,5.0,1344038400
42,144,5.0,1317081600
247,769,5.0,1380240000
209,10,3.0,1234915200
205,267,4.0,1323302400
195,643,4.0,1387411200
141,615,4.0,1393372800
204,122,5.0,1325808000
594,116,5.0,1316044800
765,155,4.0,1335657600
531,710,3.0,1386547200
635,352,5.0,1358380800
314,34,5.0,1317168000
629,590,5.0,1383696000
48,420,4.0,1351641600
357,44,2.0,1238025600
824,618,3.0,1386374400
10,706,5.0,1377734400
125,855,3.0,1390780800
474,57,4.0,1264032000
18,359,5.0,1380672000
268,210,5.0,1316736000
792,167,4.0,1322438400
669,288,4.0,1335744000
858,725,2.0,1382572800
20,547,3.0,1383350400
352,816,5.0,1400457600
124,172,5.0,1318982400
358,863,4.0,1404691200
189,822,3.0,1397692800
197,28,4.0,1353715200
540,85,4.0,1282694400
726,212,4.0,1325116800
399,74,3.0,1290384000
133,65,2.0,1283385600
845,359,5.0,1383091200
590,803,5.0,1399161600
468,621,5.0,1376956800
34,108,5.0,1295049600
208,648,2.0,1384646400
339,380,5.0,1350432000
528,137,5.0,1337126400
453,650,5.0,1371513600
293,95,5.0,1287273600
806,116,4.0,1317600000
326,144,3.0,1331769600
164,496,2.0,1392595200
531,699,5.0,1386720000
3,24,5.0,1260403200
367,114,4.0,1315872000
591,670,4.0,1375833600
794,380,4.0,1348704000
158,844,5.0,1397088000
139,818,5.0,1403913600
149,190,3.0,1382313600
302,222,4.0,1318809600
799,760,5.0,1379203200
733,732,5.0,1387324800
308,59,5.0,1260489600
166,775,4.0,1397088000
219,332,5.0,1338422400
417,298,5.0,1329955200
170,451,4.0,1343001600
8,689,5.0,1379462400
353,147,4.0,1358726400
254,14,5.0,1351987200
227,329,5.0,1342742400
73,272,4.0,1345507200
77,109,5.0,1291075200
338,299,4.0,1349395200
817,266,3.0,1322438400
229,138,5.0,1351209600
169,36,5.0,1383350400
214,139,5.0,1321488000
699,70,4.0,1317168000
404,258,5.0,1366761600
365,481,5.0,1354060800
47,858,5.0,1398556800
107,722,3.0,1384473600
558,53,5.0,1353283200
508,201,3.0,1329264000
54,455,4.0,1343347200
569,49,3.0,1294185600
308,93,3.0,1285891200
23,677,5.0,1378857600
161,182,5.0,1343001600
848,549,5.0,1362960000
162,620,2.0,1384905600
365,483,5.0,1346544000
409,351,4.0,1348099200
232,269,4.0,1335312000
472,489,3.0,1348704000
207,10,5.0,1091577600
132,215,5.0,1316649600
741,260,4.0,1347062400
725,292,3.0,1332720000
45,697,5.0,1384905600
350,540,4.0,1388275200
126,465,5.0,1381881600
375,634,5.0,1382486400
451,407,3.0,1366070400
139,58,5.0,1384128000
828,502,4.0,1387152000
672,312,5.0,1351036800
401,684,5.0,1383091200
661,550,5.0,1372032000
177,8,4.0,1359590400
640,144,4.0,1320710400
417,149,3.0,1341187200
95,424,3.0,1351555200
61,73,4.0,1289347200
294,115,4.0,1319068800
314,62,5.0,1385510400
167,328,4.0,1352505600
187,704,5.0,1379548800
792,388,5.0,1350259200
578,50,5.0,1337990400
672,401,4.0,1351036800
522,281,5.0,1330300800
158,647,4.0,1371513600
108,83,5.0,1283040000
115,418,5.0,1348617600
782,646,4.0,1376524800
374,23,3.0,1357084800
580,351,5.0,1352764800
365,353,5.0,1344816000
799,425,5.0,1350691200
125,703,2.0,1378684800
461,243,5.0,1317859200
492,635,4.0,1373155200
195,340,4.0,1357084800
198,313,5.0,1339545600
298,16,5.0,1348704000
45,647,5.0,1370131200
257,482,4.0,1348790400
572,62,5.0,1383868800
110,265,5.0,1364428800
607,400,3.0,1350691200
87,709,5.0,1376524800
540,419,3.0,1351900800
169,8,4.0,1358726400
905,818,5.0,1405468800
758,719,4.0,1380153600
698,296,5.0,1343433600
309,403,3.0,1350518400
464,575,5.0,1381363200
298,821,5.0,1389657600
510,694,4.0,1380412800
701,479,2.0,1363737600
713,73,4.0,1290124800
512,718,3.0,1376524800
69,407,5.0,1350518400
365,465,5.0,1346544000
669,573,5.0,1384041600
285,721,4.0,1379548800
663,608,5.0,1383264000
905,791,5.0,1399852800
516,486,5.0,1347494400
816,437,2.0,1381795200
515,609,4.0,1374710400
136,269,5.0,1335312000
125,284,3.0,1350518400
57,229,3.0,1317168000
593,336,4.0,1350432000
817,728,4.0,1377475200
77,452,4.0,1345593600
661,131,5.0,1385337600
47,305,5.0,1348444800
656,123,2.0,1318982400
329,372,5.0,1383004800
691,829,5.0,1395273600
360,152,5.0,1389139200
826,835,2.0,1395273600
646,493,4.0,1362009600
358,596,5.0,1381190400
888,533,5.0,1375747200
128,530,5.0,1357257600
92,382,5.0,1345766400
145,318,4.0,1337731200
459,396,4.0,1348531200
0,533,4.0,1370995200
653,193,3.0,1325030400
205,169,5.0,1316563200
350,649,5.0,1379894400
811,298,4.0,1339545600
561,390,3.0,1353196800
540,309,5.0,1342656000
766,564,4.0,1379548800
405,782,4.0,1380153600
189,563,5.0,1381968000
64,643,5.0,1388361600
483,37,5.0,1383436800
417,609,4.0,1372291200
465,854,5.0,1396137600
731,237,4.0,1354233600
116,4,4.0,1287100800
108,131,5.0,1386374400
666,807,3.0,1402876800
148,464,5.0,1343952000
788,573,5.0,1382918400
853,685,4.0,1373328000
320,245,5.0,1315353600
464,729,3.0,1375833600
40,506,4.0,1360713600
33,57,5.0,1261440000
119,833,3.0,1397606400
540,133,5.0,1320192000
637,295,5.0,1331769600
162,297,3.0,1334102400
648,229,4.0,1317600000
22,428,1.0,1345507200
783,316,4.0,1337817600
595,671,5.0,1377907200
848,740,3.0,1377043200
87,269,5.0,1337040000
438,39,4.0,1227916800
567,624,4.0,1370217600
531,189,5.0,1321401600
793,112,4.0,1351641600
90,845,5.0,1403654400
537,184,5.0,1311206400
139,570,4.0,1365033600
358,791,5.0,1400025600
15,325,5.0,1353542400
885,696,4.0,1379721600
717,177,4.0,1318809600
181,165,5.0,1316736000
34,350,5.0,1381622400
550,46,5.0,1379116800
449,30,5.0,1351123200
309,431,4.0,1353110400
895,600,5.0,1387324800
341,293,4.0,1332028800
733,622,3.0,1377475200
71,764,5.0,1389830400
563,621,5.0,1372896000
208,141,4.0,1320624000
519,770,4.0,1381276800
174,317,5.0,1342742400
516,695,4.0,1378598400
162,750,4.0,1375574400
469,544,4.0,1379203200
161,175,4.0,1308614400
468,66,4.0,1286668800
852,468,5.0,1361664000
379,705,4.0,1383955200
224,53,4.0,1358553600
132,500,5.0,1358812800
61,803,3.0,1399248000
648,763,4.0,1385683200
782,812,2.0,1404691200
352,83,5.0,1284595200
719,255,3.0,1317427200
518,190,5.0,1380499200
335,456,4.0,1352073600
42,494,4.0,1354406400
60,638,4.0,1377820800
378,35,3.0,1316649600
532,610,5.0,1403481600
717,426,5.0,1342483200
883,675,5.0,1372118400
753,339,5.0,1338595200
233,748,5.0,1382832000
374,711,4.0,1382486400
584,245,5.0,1351036800
278,479,5.0,1343260800
621,445,4.0,1349049600
291,229,4.0,1317168000
899,368,5.0,1352246400
399,622,3.0,1376438400
437,507,3.0,1358985600
289,188,4.0,1356912000
439,622,4.0,1374624000
233,653,4.0,1382832000
335,473,5.0,1350259200
540,192,3.0,1314403200
200,315,4.0,1342656000
244,554,4.0,1384300800
721,339,4.0,1342483200
67,608,4.0,1380499200
224,753,5.0,1377475200
163,530,4.0,1363910400
540,100,4.0,1378080000
655,843,5.0,1395705600
674,829,5.0,1396569600
920,852,4.0,1404172800
717,194,3.0,1317168000
267,302,5.0,1350432000
619,421,5.0,1353369600
286,855,5.0,1392076800
92,520,3.0,1363478400
860,844,3.0,1393891200
397,824,4.0,1403568000
452,31,3.0,1349308800
430,791,4.0,1403136000
676,86,4.0,1284076800
575,416,4.0,1367712000
776,96,3.0,1352505600
733,484,5.0,1351900800
204,455,5.0,1341446400
107,733,3.0,1376956800
537,807,2.0,1403136000
538,322,3.0,1340841600
14,866,2.0,1405641600
4,164,5.0,1336003200
559,537,3.0,1369267200
100,475,3.0,1345507200
792,445,5.0,1354838400
87,720,5.0,1374364800
704,532,4.0,1371081600
222,266,3.0,1323129600
128,645,5.0,1377993600
540,648,4.0,1383091200
91,496,5.0,1390608000
663,312,2.0,1356652800
453,800,5.0,1399420800
646,101,5.0,1282694400
678,183,4.0,1306281600
137,298,3.0,1335312000
436,779,4.0,1388016000
3,814,4.0,1396310400
190,323,4.0,1338940800
661,815,5.0,1393200000
881,812,4.0,1387411200
703,354,3.0,1342396800
604,571,4.0,1375315200
472,809,4.0,1401580800
863,718,5.0,1376438400
796,677,4.0,1375488000
407,518,3.0,1363046400
782,690,4.0,1387411200
3,274,5.0,1326499200
290,333,5.0,1362182400
133,464,5.0,1343779200
65,654,2.0,1385337600
41,230,4.0,1317254400
615,535,4.0,1381536000
389,692,3.0,1384214400
468,434,5.0,1350086400
3,13,5.0,1256688000
441,130,4.0,1315958400
114,804,4.0,1400198400
849,701,5.0,1379721600
775,323,4.0,1335916800
866,166,3.0,1317168000
605,440,5.0,1395964800
590,534,4.0,1382832000
430,368,5.0,1356566400
392,290,3.0,1330646400
480,149,5.0,1349740800
163,8,5.0,1361404800
63,554,5.0,1382659200
174,548,5.0,1370304000
232,12,4.0,1354752000
794,416,3.0,1359590400
295,222,5.0,1326326400
587,68,3.0,1363824000
366,682,5.0,1395964800
388,400,3.0,1350345600
98,402,4.0,1350259200
646,651,4.0,1385251200
640,823,5.0,1397260800
754,178,4.0,1308700800
407,505,5.0,1359590400
603,255,2.0,1314576000
362,22,5.0,1228435200
891,272,3.0,1350604800
170,8,4.0,1353628800
746,798,3.0,1405900800
658,368,3.0,1354838400
543,723,5.0,1379030400
366,47,5.0,1219708800
255,316,3.0,1339286400
242,823,5.0,1395273600
202,263,4.0,1319068800
174,491,5.0,1359072000
48,502,4.0,1389139200
42,426,5.0,1341878400
27,554,3.0,1382832000
126,456,5.0,1356480000
682,706,4.0,1376870400
469,859,5.0,1400716800
207,437,3.0,1382227200
761,127,3.0,1322006400
378,443,4.0,1358985600
711,123,4.0,1317513600
794,392,4.0,1350864000
403,712,3.0,1383264000
649,63,5.0,1377302400
499,713,4.0,1380844800
396,628,5.0,1385078400
491,611,5.0,1386201600
895,832,4.0,1397606400
407,316,5.0,1340236800
137,461,5.0,1348012800
281,262,4.0,1324166400
480,408,3.0,1358985600
579,568,5.0,1378080000
27,199,4.0,1317427200
106,764,5.0,1390694400
594,469,5.0,1366934400
746,598,4.0,1387324800
338,33,5.0,1352937600
138,433,5.0,1346716800
54,657,4.0,1380326400
287,157,5.0,1349740800
89,143,4.0,1319673600
222,745,5.0,1377734400
804,180,5.0,1327449600
378,768,4.0,1382486400
492,460,4.0,1344816000
419,129,3.0,1308700800
318,863,4.0,1404691200
603,575,5.0,1387238400
642,115,4.0,1330128000
608,396,4.0,1349568000
321,715,5.0,1379548800
191,668,4.0,1378857600
112,417,4.0,1345507200
287,308,5.0,1340841600
106,38,5.0,1356393600
436,263,4.0,1318982400
383,845,3.0,1405900800
631,831,3.0,1397088000
169,693,4.0,1383609600
167,827,5.0,1389052800
847,567,5.0,1374105600
576,316,5.0,1338422400
95,194,5.0,1315180800
185,8,2.0,1358899200
237,686,5.0,1373932800
342,696,3.0,1379116800
42,347,4.0,1357344000
586,540,4.0,1386028800
299,658,4.0,1385942400
379,269,4.0,1336003200
35,751,4.0,1388275200
630,418,4.0,1343952000
643,811,3.0,1400025600
791,837,3.0,1397779200
157,130,4.0,1315526400
494,346,5.0,1355961600
466,347,3.0,1365120000
434,78,1.0,1282608000
498,498,5.0,1361923200
25,790,5.0,1400371200
360,182,4.0,1344816000
520,47,4.0,1219881600
788,351,5.0,1345766400
151,546,4.0,1382572800
599,869,4.0,1404345600
446,748,5.0,1379894400
18,224,5.0,1313625600
502,801,4.0,1389830400
220,601,4.0,1385683200
190,547,2.0,1380326400
530,401,2.0,1349222400
445,398,5.0,1351382400
352,833,5.0,1397865600
721,808,4.0,1402444800
435,178,5.0,1309996800
884,457,3.0,1344988800
598,457,3.0,1341619200
333,496,3.0,1391558400
258,616,5.0,1393632000
631,127,4.0,1317168000
487,162,5.0,1319068800
573,324,4.0,1349136000
751,157,4.0,1349395200
236,316,5.0,1339372800
708,156,5.0,1351468800
832,694,4.0,1382313600
836,211,3.0,1316649600
29,746,4.0,1381968000
778,593,4.0,1383177600
910,302,5.0,1355270400
159,337,5.0,1340841600
396,26,5.0,1385164800
445,522,5.0,1364774400
352,552,5.0,1381881600
734,772,5.0,1384473600
655,57,5.0,1263254400
767,111,4.0,1403136000
670,486,4.0,1348185600
183,29,3.0,1379376000
239,424,4.0,1353024000
290,16,5.0,1353024000
690,77,5.0,1289779200
564,593,5.0,1384646400
868,167,5.0,1316908800
851,693,4.0,1383609600
337,165,5.0,1317168000
527,44,4.0,1222128000
626,178,5.0,1311206400
240,73,4.0,1289433600
365,246,5.0,1322006400
874,606,3.0,1373155200
508,267,4.0,1323820800
379,748,3.0,1378944000
107,698,3.0,1383350400
338,92,5.0,1279670400
551,847,4.0,1393113600
86,314,3.0,1384387200
378,162,4.0,1317168000
440,181,5.0,1350604800
599,490,3.0,1359676800
197,192,3.0,1316476800
337,450,4.0,1350432000
430,159,5.0,1348704000
288,184,4.0,1313280000
29,715,4.0,1380153600
94,187,3.0,1325894400
14,587,3.0,1389744000
141,627,3.0,1383264000
705,70,3.0,1322870400
753,143,3.0,1320710400
253,40,4.0,1228176000
873,552,4.0,1385856000
912,655,4.0,1382832000
291,838,3.0,1395273600
872,658,4.0,1384819200
59,116,3.0,1314748800
249,234,3.0,1316908800
505,779,4.0,1388448000
564,48,3.0,1375228800
373,684,4.0,1375833600
808,116,4.0,1342656000
201,316,4.0,1340150400
234,12,5.0,1351814400
71,548,5.0,1373500800
102,564,3.0,1380153600
538,596,4.0,1386115200
711,293,2.0,1333843200
267,592,5.0,1381276800
886,814,5.0,1395964800
599,421,5.0,1351641600
412,470,4.0,1362355200
584,697,5.0,1386633600
355,689,5.0,1378944000
771,700,4.0,1380153600
506,150,3.0,1340841600
323,603,5.0,1383177600
208,724,4.0,1379376000
316,142,4.0,1320451200
689,419,5.0,1351036800
494,369,4.0,1350518400
920,814,4.0,1393977600
2,325,5.0,1350604800
294,521,1.0,1366243200
842,551,4.0,1381795200
514,169,4.0,1339027200
489,667,5.0,1378857600
170,90,4.0,1289606400
16,244,3.0,1314230400
329,20,5.0,1343779200
879,360,1.0,1349308800
296,532,4.0,1374451200
372,59,4.0,1356566400
371,491,5.0,1352160000
701,68,3.0,1281830400
793,218,4.0,1343260800
726,465,5.0,1379980800
570,94,5.0,1290470400
39,0,5.0,1357689600
300,601,4.0,1384819200
295,359,3.0,1382918400
729,608,4.0,1383523200
119,400,4.0,1357948800
114,475,2.0,1350086400
427,475,3.0,1346889600
488,768,5.0,1384992000
857,284,4.0,1329868800
826,665,3.0,1373328000
131,646,4.0,1369526400
220,160,4.0,1337212800
315,276,3.0,1366156800
579,78,5.0,1279670400
434,165,5.0,1318982400
506,493,4.0,1357430400
220,463,4.0,1352764800
386,383,4.0,1348704000
622,549,4.0,1371513600
515,752,4.0,1379548800
396,560,4.0,1375747200
529,813,4.0,1402531200
190,653,4.0,1380326400
632,480,3.0,1355875200
617,53,4.0,1351123200
467,191,3.0,1314144000
329,326,5.0,1358899200
801,814,5.0,1393372800
407,860,4.0,1405209600
208,456,4.0,1350950400
607,628,2.0,1387411200
646,294,4.0,1330041600
650,353,4.0,1340841600
43,604,4.0,1380844800
824,827,3.0,1394150400
802,728,2.0,1378425600
724,397,4.0,1372291200
728,648,3.0,1383955200
40,260,5.0,1316649600
622,327,5.0,1345161600
262,14,4.0,1351036800
298,839,3.0,1397692800
547,95,5.0,1284940800
482,791,5.0,1400544000
917,785,5.0,1389744000
363,234,3.0,1319068800
748,149,5.0,1342310400
536,778,3.0,1386547200
69,426,3.0,1348099200
250,608,3.0,1380499200
41,536,5.0,1358899200
402,26,4.0,1387238400
607,309,5.0,1343606400
406,117,3.0,1318550400
711,842,3.0,1397001600
58,680,5.0,1372204800
444,317,5.0,1338422400
600,387,4.0,1349568000
301,332,5.0,1340150400
166,269,4.0,1337040000
316,18,3.0,1365724800
229,674,4.0,1372550400
150,7,5.0,1385424000
453,93,4.0,1287792000
41,411,5.0,1356652800
222,335,4.0,1335830400
885,763,5.0,1383955200
439,465,5.0,1356393600
386,588,4.0,1380499200
801,351,5.0,1346716800
640,670,5.0,1372550400
422,28,4.0,1354060800
399,316,4.0,1339718400
134,523,3.0,1361923200
170,636,5.0,1380672000
434,440,5.0,1397606400
403,84,5.0,1351728000
221,725,3.0,1377993600
121,488,3.0,1352764800
241,59,5.0,1325289600
361,41,5.0,1354492800
83,839,4.0,1396051200
388,142,5.0,1320192000
398,762,4.0,1384041600
77,574,5.0,1383091200
584,530,5.0,1365984000
419,704,5.0,1381881600
77,507,4.0,1358985600
212,839,3.0,1397692800
597,290,4.0,1341446400
362,298,3.0,1331510400
235,531,5.0,1375056000
594,571,5.0,1377648000
561,48,4.0,1374969600
586,51,4.0,1358985600
255,528,4.0,1362096000
469,757,4.0,1379980800
213,313,3.0,1339545600
240,206,4.0,1315958400
37,816,4.0,1403049600
126,752,5.0,1379289600
329,370,5.0,1345766400
716,464,4.0,1343952000
637,467,2.0,1376524800
793,114,4.0,1317168000
719,672,4.0,1373068800
330,352,5.0,1346716800
291,278,4.0,1403136000
82,599,5.0,1381017600
132,176,5.0,1310860800
639,784,3.0,1385856000
628,54,3.0,1345075200
882,266,1.0,1323561600
203,496,4.0,1393459200
277,688,5.0,1370044800
456,672,4.0,1372723200
92,684,5.0,1375833600
648,230,5.0,1319673600
608,321,4.0,1345075200
182,229,2.0,1316563200
194,740,4.0,1374710400
361,817,5.0,1394236800
727,312,3.0,1350950400
528,44,5.0,1222128000
122,790,4.0,1400025600
594,842,5.0,1398211200
287,677,5.0,1376438400
169,320,5.0,1353196800
205,851,3.0,1403049600
781,388,4.0,1350432000
138,620,2.0,1380412800
467,627,5.0,1383350400
782,748,4.0,1380153600
338,425,5.0,1353283200
136,293,3.0,1333152000
28,340,5.0,1354233600
36,149,3.0,1344988800
453,243,5.0,1316736000
498,249,5.0,1342569600
368,840,4.0,1404518400
166,350,5.0,1386201600
523,113,3.0,1354147200
492,211,4.0,1316649600
368,283,3.0,1358294400
242,376,5.0,1348099200
41,566,4.0,1373414400
451,845,4.0,1405468800
309,278,5.0,1404259200
124,199,5.0,1317340800
584,710,3.0,1386547200
643,822,3.0,1395014400
900,243,4.0,1317081600
75,395,5.0,1358899200
582,197,4.0,1316390400
487,728,5.0,1379548800
524,154,4.0,1319068800
87,102,5.0,1291420800
140,237,5.0,1356825600
629,828,2.0,1394582400
655,538,4.0,1370908800
191,35,4.0,1318896000
531,573,5.0,1387238400
560,711,5.0,1386460800
580,271,5.0,1359590400
730,669,4.0,1381968000
612,731,4.0,1377129600
268,455,4.0,1344124800
799,684,5.0,1375660800
730,433,4.0,1347321600
792,839,4.0,1396656000
375,805,5.0,1398729600
41,817,5.0,1393804800
168,343,3.0,1353456000
700,130,4.0,1314230400
717,620,3.0,1386720000
751,176,4.0,1314230400
144,446,3.0,1359936000
631,712,4.0,1385856000
104,695,5.0,1376438400
392,838,3.0,1397692800
892,210,5.0,1316649600
222,621,4.0,1372982400
10,165,5.0,1327536000
123,109,5.0,1292976000
580,77,4.0,1279756800
265,266,3.0,1322956800
453,452,5.0,1345680000
92,642,5.0,1373500800
207,159,5.0,1342742400
751,567,2.0,1372982400
812,487,4.0,1345680000
12,472,4.0,1356480000
762,643,5.0,1384387200
557,426,4.0,1341532800
480,345,3.0,1331510400
642,57,4.0,1261526400
205,266,2.0,1323302400
75,133,4.0,1319673600
23,312,5.0,1349827200
832,713,4.0,1381190400
313,118,4.0,1314230400
856,343,4.0,1353456000
375,439,4.0,1359590400
511,195,4.0,1326067200
636,401,5.0,1362960000
891,208,2.0,1366588800
28,505,5.0,1364169600
20,695,5.0,1375833600
37,215,5.0,1327536000
148,784,3.0,1385856000
595,600,5.0,1381363200
623,807,4.0,1400716800
291,24,4.0,1317168000
515,154,5.0,1316995200
481,334,5.0,1341792000
476,712,4.0,1383177600
128,28,5.0,1353801600
232,363,4.0,1386806400
717,531,5.0,1378598400
328,39,4.0,1229299200
48,573,4.0,1383177600
27,744,3.0,1376870400
839,573,5.0,1385942400
59,479,3.0,1343260800
91,637,4.0,1372636800
859,808,3.0,1398988800
169,59,4.0,1354233600
213,57,5.0,1262131200
616,228,4.0,1382486400
911,861,5.0,1404345600
501,213,4.0,1318377600
291,647,4.0,1369180800
653,658,2.0,1386115200
422,543,5.0,1375920000
1,655,4.0,1382745600
497,745,4.0,1378684800
55,223,3.0,1315958400
77,670,5.0,1373587200
549,332,5.0,1356048000
744,165,4.0,1318464000
292,444,5.0,1348012800
178,648,5.0,1383091200
185,155,2.0,1368489600
770,605,4.0,1387324800
577,84,4.0,1353456000
542,563,4.0,1379548800
235,754,5.0,1382572800
123,832,3.0,1398297600
229,12,4.0,1352073600
677,628,5.0,1384992000
314,651,5.0,1388534400
688,465,4.0,1379980800
696,301,4.0,1346630400
380,751,5.0,1385942400
232,144,3.0,1332115200
186,518,2.0,1366156800
407,477,5.0,1350172800
361,451,3.0,1353369600
848,777,5.0,1398816000
370,340,4.0,1358380800
87,272,5.0,1347235200
516,420,5.0,1352764800
166,582,4.0,1386201600
676,458,4.0,1351036800
854,456,3.0,1353369600
71,386,5.0,1350950400
430,795,4.0,1385510400
75,448,5.0,1353888000
278,338,5.0,1342224000
262,238,5.0,1384732800
268,670,4.0,1373068800
580,360,4.0,1351036800
427,753,4.0,1378771200
220,11,5.0,1344902400
258,608,5.0,1362441600
181,692,4.0,1386979200
139,339,5.0,1337990400
640,559,5.0,1365292800
31,203,3.0,1331164800
94,636,5.0,1381881600
334,20,5.0,1342137600
205,263,5.0,1316822400
11,716,4.0,1384819200
258,552,5.0,1383350400
899,453,5.0,1343865600
107,832,3.0,1401235200
58,665,5.0,1372464000
501,275,5.0,1404950400
726,177,5.0,1331251200
303,407,3.0,1349136000
284,374,4.0,1337731200
379,635,4.0,1373673600
376,594,5.0,1382400000
151,95,5.0,1285632000
8,750,5.0,1374105600
387,232,4.0,1316908800
608,137,4.0,1337212800
516,706,5.0,1378598400
591,656,3.0,1380585600
332,25,5.0,1351296000
45,702,4.0,1387152000
334,284,2.0,1330128000
377,742,5.0,1385596800
711,185,5.0,1306713600
320,737,5.0,1380067200
897,360,4.0,1350518400
660,267,4.0,1337472000
269,646,4.0,1371254400
112,450,3.0,1360195200
159,590,4.0,1385769600
293,384,5.0,1346284800
137,315,5.0,1339977600
578,817,5.0,1393459200
536,91,5.0,1284768000
353,518,3.0,1361923200
278,235,5.0,1386028800
406,541,5.0,1379116800
101,345,4.0,1329955200
24,668,3.0,1376265600
550,355,5.0,1345075200
404,163,1.0,1330992000
351,634,4.0,1386115200
352,784,5.0,1384992000
601,74,3.0,1283472000
504,444,5.0,1346025600
553,833,5.0,1397606400
883,724,3.0,1378339200
13,0,4.0,1353888000
546,438,3.0,1357776000
735,318,5.0,1337990400
212,800,5.0,1402963200
891,687,3.0,1372723200
564,369,5.0,1348617600
164,174,3.0,1313971200
338,398,4.0,1344988800
790,686,5.0,1372723200
336,180,4.0,1323388800
682,329,5.0,1340668800
307,436,2.0,1343001600
131,727,3.0,1380326400
749,487,4.0,1343433600
5,554,3.0,1384819200
343,853,4.0,1403049600
524,577,4.0,1381968000
365,104,5.0,1291075200
727,462,3.0,1357689600
269,854,4.0,1396137600
683,570,4.0,1365206400
537,550,3.0,1376438400
679,573,5.0,1384300800
185,33,4.0,1326844800
464,405,3.0,1349481600
150,106,5.0,1300147200
41,846,2.0,1393891200
525,43,5.0,1231372800
547,266,3.0,1322784000
27,714,3.0,1377907200
621,437,4.0,1380067200
271,639,4.0,1387152000
324,19,4.0,1340236800
75,317,4.0,1340323200
519,428,4.0,1350432000
164,28,3.0,1356912000
857,706,5.0,1376784000
515,743,4.0,1385510400
193,851,4.0,1402185600
293,507,4.0,1358985600
619,571,5.0,1375574400
5,286,3.0,1375488000
782,813,3.0,1403136000
148,454,1.0,1343088000
440,470,5.0,1365120000
365,738,5.0,1384732800
92,393,4.0,1349654400
368,605,5.0,1385424000
321,309,5.0,1348012800
430,266,4.0,1322352000
798,249,4.0,1345852800
763,605,4.0,1384819200
227,306,3.0,1350518400
237,529,5.0,1385596800
829,195,5.0,1316304000
466,408,3.0,1350777600
16,155,3.0,1335657600
287,81,5.0,1288569600
559,341,1.0,1369267200
267,147,5.0,1361404800
274,156,5.0,1349308800
397,143,4.0,1320019200
487,37,5.0,1385424000
644,304,1.0,1349481600
76,45,3.0,1316563200
776,869,4.0,1405814400
215,851,3.0,1401321600
829,621,5.0,1372377600
555,830,4.0,1393977600
193,650,3.0,1369699200
383,238,4.0,1382659200
103,734,3.0,1384905600
754,525,5.0,1361318400
892,533,5.0,1370044800
778,801,2.0,1386028800
918,696,4.0,1379548800
325,250,5.0,1343692800
549,823,4.0,1397779200
341,101,2.0,1283212800
111,234,4.0,1318723200
534,696,4.0,1378252800
832,433,4.0,1351641600
399,525,4.0,1358380800
728,486,4.0,1346630400
37,654,1.0,1387411200
154,691,4.0,1386720000
794,111,4.0,1401148800
211,59,4.0,1351123200
243,274,3.0,1322611200
844,606,2.0,1373760000
384,747,4.0,1385424000
629,559,5.0,1362873600
511,197,4.0,1315785600
58,553,5.0,1380067200
897,670,5.0,1372377600
731,654,1.0,1387152000
408,825,4.0,1391299200
183,861,2.0,1404777600
208,803,3.0,1399852800
119,373,3.0,1349568000
775,687,5.0,1372377600
645,756,3.0,1379376000
433,583,5.0,1380153600
201,346,4.0,1358294400
119,580,4.0,1386201600
63,622,1.0,1375401600
516,700,4.0,1382832000
159,220,4.0,1319068800
180,238,5.0,1379980800
164,188,4.0,1349481600
446,44,4.0,1227139200
745,152,4.0,1392854400
631,647,4.0,1370044800
720,332,5.0,1338422400
132,737,5.0,1377820800
830,331,4.0,1344384000
653,401,2.0,1356652800
733,422,2.0,1385769600
448,188,4.0,1349913600
785,101,2.0,1283904000
812,464,3.0,1348704000
493,420,4.0,1352851200
512,300,3.0,1356480000
388,111,5.0,1398729600
803,315,5.0,1339113600
747,226,4.0,1316476800
244,194,3.0,1316649600
791,696,4.0,1378512000
305,172,5.0,1321833600
613,774,5.0,1396224000
890,753,5.0,1379462400
298,822,4.0,1397692800
351,708,3.0,1374537600
109,842,4.0,1395187200
387,564,5.0,1377734400
46,740,4.0,1395360000
68,1,3.0,1324512000
415,682,5.0,1395878400
614,592,4.0,1384992000
42,613,5.0,1383091200
25,618,4.0,1383523200
682,583,5.0,1384646400
780,697,5.0,1383350400
622,266,3.0,1323561600
770,110,4.0,1313280000
585,68,4.0,1279497600
205,312,5.0,1349827200
687,571,4.0,1378684800
526,43,5.0,1227571200
648,717,5.0,1379980800
880,748,5.0,1376697600
353,680,3.0,1372982400
155,365,5.0,1348012800
329,751,5.0,1385856000
859,862,4.0,1405209600
17,169,5.0,1317340800
388,365,5.0,1346716800
380,182,5.0,1345507200
735,108,5.0,1327536000
168,714,4.0,1377648000
636,221,3.0,1331769600
753,558,4.0,1382745600
20,722,5.0,1385596800
630,266,4.0,1323648000
618,438,3.0,1356739200
906,545,4.0,1376524800
160,298,3.0,1365120000
731,853,4.0,1403136000
899,387,5.0,1347580800
101,351,4.0,1347580800
237,618,3.0,1383868800
413,762,5.0,1383696000
497,474,4.0,1350518400
831,361,5.0,1356566400
160,390,2.0,1354060800
42,460,5.0,1343520000
574,267,5.0,1323388800
751,459,3.0,1343952000
736,133,2.0,1319587200
107,702,3.0,1383868800
381,776,2.0,1389571200
676,422,5.0,1385078400
249,453,5.0,1343779200
750,165,5.0,1321833600
668,464,5.0,1345075200
700,489,3.0,1344902400
583,643,5.0,1388707200
539,44,5.0,1222041600
649,202,4.0,1314057600
343,706,4.0,1379548800
3,34,5.0,1317168000
748,349,3.0,1376524800
273,14,5.0,1349827200
141,343,5.0,1355616000
47,542,4.0,1368316800
447,315,5.0,1339459200
558,80,3.0,1321228800
474,224,4.0,1321315200
309,815,3.0,1397692800
666,753,5.0,1380067200
539,781,5.0,1377216000
257,767,4.0,1400112000
543,129,2.0,1321920000
753,776,4.0,1390176000
224,269,4.0,1335484800
137,201,4.0,1315872000
786,179,3.0,1334620800
640,753,4.0,1377734400
869,273,4.0,1351123200
669,711,4.0,1384905600
248,58,4.0,1384128000
531,616,5.0,1397606400
673,73,4.0,1294876800
493,258,3.0,1337126400
441,265,2.0,1366848000
597,438,5.0,1356652800
717,160,5.0,1343088000
600,317,4.0,1338854400
517,41,4.0,1355875200
266,434,3.0,1366243200
409,619,3.0,1380585600
659,58,4.0,1382400000
498,742,5.0,1388102400
162,61,4.0,1384041600
429,697,4.0,1381363200
769,437,4.0,1383091200
799,575,5.0,1383868800
672,441,2.0,1358985600
805,522,5.0,1364342400
39,235,2.0,1384646400
907,418,5.0,1343865600
844,717,4.0,1383523200
550,713,4.0,1379116800
549,301,5.0,1356048000
635,191,5.0,1317168000
517,398,5.0,1358899200
3,411,4.0,1351296000
596,72,3.0,1285113600
436,437,5.0,1384473600
555,867,4.0,1403654400
43,498,5.0,1360108800
787,728,5.0,1375315200
506,288,4.0,1332460800
505,108,4.0,1298505600
872,784,4.0,1384819200
466,506,3.0,1361232000
348,401,3.0,1350518400
421,707,4.0,1379548800
120,423,5.0,1359590400
458,587,5.0,1387411200
180,813,3.0,1399507200
79,516,4.0,1360972800
309,648,3.0,1387843200
71,128,5.0,1319673600
458,62,5.0,1385510400
684,62,5.0,1385510400
793,172,4.0,1328400000
224,629,5.0,1380412800
869,169,4.0,1316649600
597,269,5.0,1337299200
414,857,4.0,1397520000
10,853,5.0,1401753600
407,376,5.0,1346889600
762,362,5.0,1379376000
601,467,5.0,1374969600
6,37,4.0,1383264000
35,698,4.0,1385596800
766,601,4.0,1383091200
652,598,5.0,1385164800
80,353,5.0,1343433600
172,835,4.0,1396656000
808,686,3.0,1376524800
539,276,3.0,1348185600
463,454,4.0,1344038400
533,44,4.0,1222128000
184,8,5.0,1356652800
519,80,4.0,1284422400
116,173,3.0,1322524800
443,770,5.0,1377820800
707,460,4.0,1345075200
584,284,5.0,1330473600
174,465,4.0,1381881600
139,719,4.0,1379203200
20,500,3.0,1364342400
567,748,4.0,1380499200
770,836,3.0,1394496000
718,263,4.0,1319587200
268,537,4.0,1358899200
313,708,4.0,1377993600
368,201,3.0,1321833600
183,324,4.0,1349827200
41,362,5.0,1382659200
488,773,4.0,1387411200
19,600,5.0,1384387200
336,770,4.0,1379894400
392,349,3.0,1376524800
457,39,5.0,1235433600
205,307,3.0,1351641600
669,705,3.0,1384041600
717,705,4.0,1387065600
228,236,4.0,1323648000
178,630,1.0,1377561600
893,497,4.0,1366070400
731,620,3.0,1387324800
3,296,5.0,1343433600
584,754,5.0,1384905600
236,255,4.0,1315526400
256,14,5.0,1350604800
38,117,2.0,1315180800
257,586,5.0,1373328000
522,137,5.0,1337299200
699,295,4.0,1338422400
245,119,4.0,1315785600
820,630,4.0,1377734400
507,646,5.0,1372550400
757,349,5.0,1361577600
733,399,5.0,1351900800
448,30,4.0,1353283200
21,454,1.0,1343779200
430,407,2.0,1356566400
340,657,4.0,1376956800
456,722,3.0,1382313600
877,267,4.0,1325116800
181,295,5.0,1331769600
507,784,3.0,1387324800
904,792,4.0,1398297600
169,861,4.0,1404604800
731,733,4.0,1379894400
375,147,5.0,1358121600
388,162,4.0,1316736000
316,768,4.0,1383091200
737,351,5.0,1350518400
885,520,3.0,1365552000
326,266,3.0,1331769600
407,27,5.0,1386806400
161,753,4.0,1376784000
281,158,5.0,1335398400
725,489,2.0,1344211200
236,600,5.0,1383868800
135,465,5.0,1351987200
258,528,4.0,1363046400
107,174,2.0,1380412800
667,171,4.0,1316563200
509,372,4.0,1387238400
713,167,3.0,1319587200
658,781,4.0,1378598400
144,794,3.0,1386720000
23,647,5.0,1368748800
560,620,2.0,1387324800
203,673,3.0,1381968000
496,350,4.0,1384905600
204,731,4.0,1377216000
125,168,3.0,1332374400
542,589,4.0,1381968000
99,773,5.0,1387411200
790,385,5.0,1348617600
384,777,5.0,1400025600
531,101,2.0,1283817600
675,616,4.0,1394496000
475,598,4.0,1387584000
415,703,3.0,1376006400
623,389,1.0,1358812800
498,731,4.0,1378857600
166,399,4.0,1368489600
474,372,4.0,1383436800
313,286,4.0,1344988800
399,765,5.0,1384992000
894,855,5.0,1392595200
775,637,5.0,1372896000
258,36,5.0,1381363200
642,756,4.0,1377475200
377,616,4.0,1395187200
170,419,5.0,1351296000
396,416,4.0,1362355200
533,502,4.0,1387324800
575,392,4.0,1350604800
140,738,4.0,1384128000
225,301,4.0,1349827200
365,457,5.0,1342483200
37,855,3.0,1390780800
737,272,5.0,1348099200
813,796,4.0,1403481600
436,360,3.0,1350518400
131,641,4.0,1371859200
746,796,3.0,1405900800
204,836,5.0,1395360000
699,429,4.0,1353456000
679,850,4.0,1405814400
107,483,3.0,1346198400
178,768,5.0,1382745600
601,299,5.0,1353369600
560,48,4.0,1377734400
560,532,5.0,1377734400
123,174,4.0,1314144000
255,579,4.0,1386201600
236,392,4.0,1348617600
268,14,4.0,1349827200
192,587,4.0,1387411200
491,275,5.0,1404086400
109,115,4.0,1321401600
256,164,5.0,1336348800
123,776,5.0,1389744000
235,311,5.0,1338854400
418,544,4.0,1375488000
847,728,4.0,1378857600
492,833,5.0,1400025600
826,651,3.0,1385337600
781,803,4.0,1402358400
581,381,4.0,1350259200
723,177,3.0,1315958400
75,569,4.0,1376006400
235,48,4.0,1374969600
37,801,5.0,1389830400
172,518,5.0,1363132800
795,755,4.0,1379894400
813,772,5.0,1382400000
338,691,4.0,1387065600
61,134,4.0,1314748800
414,168,4.0,1334102400
584,372,5.0,1386547200
491,714,3.0,1378684800
162,652,3.0,1384128000
579,173,5.0,1314144000
823,370,4.0,1348012800
440,322,5.0,1347235200
741,154,5.0,1316822400
560,747,3.0,1386460800
303,157,5.0,1348531200
11,578,5.0,1386806400
770,106,3.0,1313280000
585,694,3.0,1382400000
743,801,5.0,1385510400
792,341,5.0,1334534400
769,532,5.0,1370390400
350,754,4.0,1383436800
860,402,1.0,1349136000
423,622,3.0,1375660800
638,529,5.0,1380326400
726,173,5.0,1325116800
637,822,3.0,1397433600
767,190,3.0,1381968000
533,619,4.0,1380153600
83,151,5.0,1316476800
202,559,5.0,1369785600
789,722,4.0,1378252800
307,428,2.0,1356393600
887,473,3.0,1349395200
21,96,1.0,1348617600
911,698,2.0,1381795200
906,577,5.0,1384992000
162,626,5.0,1377734400
895,371,5.0,1387324800
18,804,4.0,1398729600
103,12,5.0,1354492800
249,401,3.0,1349136000
433,784,4.0,1384300800
787,105,3.0,1293062400
567,477,4.0,1348876800
770,598,3.0,1387324800
275,473,3.0,1350432000
578,675,5.0,1372982400
888,706,4.0,1376524800
340,555,4.0,1381017600
395,420,5.0,1351123200
434,84,5.0,1356480000
917,850,4.0,1404345600
795,347,4.0,1356912000
172,815,4.0,1396656000
44,263,4.0,1316563200
156,384,5.0,1348358400
42,788,5.0,1399593600
258,267,5.0,1322611200
381,105,4.0,1290902400
134,821,5.0,1387497600
274,429,5.0,1345075200
865,164,3.0,1339977600
55,40,3.0,1228262400
415,100,3.0,1376870400
62,251,3.0,1317168000
758,765,2.0,1383177600
758,671,5.0,1380153600
782,181,5.0,1348012800
895,670,5.0,1374105600
139,827,2.0,1392681600
822,740,5.0,1376438400
337,322,3.0,1336694400
617,338,4.0,1341532800
617,785,4.0,1392854400
511,381,3.0,1358985600
369,833,5.0,1397606400
817,769,4.0,1386201600
268,396,4.0,1351296000
679,629,4.0,1383350400
411,227,5.0,1318550400
617,663,3.0,1380153600
243,664,4.0,1374105600
468,47,3.0,1221523200
61,44,5.0,1222646400
288,308,5.0,1340064000
636,56,5.0,1322611200
871,382,5.0,1345766400
452,838,3.0,1394496000
79,478,4.0,1347840000
160,263,4.0,1317945600
88,834,5.0,1398297600
903,725,4.0,1376524800
483,709,4.0,1377993600
173,338,4.0,1341187200
760,348,4.0,1374105600
296,331,4.0,1342656000
515,536,4.0,1361232000
266,312,3.0,1365638400
512,173,5.0,1310774400
228,258,4.0,1340064000
465,448,3.0,1354665600
596,529,3.0,1381968000
577,743,4.0,1385424000
242,491,5.0,1351209600
90,396,4.0,1348704000
659,268,3.0,1316044800
684,188,4.0,1349481600
555,648,5.0,1383177600
891,418,3.0,1365984000
447,40,4.0,1229558400
525,589,5.0,1382313600
519,42,4.0,1229212800
174,638,4.0,1381881600
666,629,3.0,1385856000
190,289,4.0,1329955200
184,786,4.0,1399593600
817,790,4.0,1403481600
467,717,3.0,1381190400
335,666,4.0,1379376000
480,80,2.0,1307318400
618,227,3.0,1325030400
58,559,4.0,1362009600
512,72,5.0,1294704000
243,429,4.0,1345075200
332,317,4.0,1338681600
189,747,5.0,1380153600
883,547,4.0,1387324800
180,21,2.0,1343779200
371,696,4.0,1377043200
200,14,5.0,1355961600
156,217,5.0,1343260800
562,48,4.0,1374624000
323,518,1.0,1361664000
771,143,3.0,1337299200
77,152,5.0,1391472000
756,669,5.0,1375660800
283,410,5.0,1348012800
456,359,4.0,1380585600
361,21,4.0,1337644800
193,662,4.0,1380844800
41,408,4.0,1350259200
408,567,5.0,1374624000
96,20,5.0,1343952000
264,800,4.0,1399939200
700,291,4.0,1332979200
646,768,5.0,1382486400
291,192,4.0,1315958400
629,675,4.0,1372550400
509,40,5.0,1228694400
879,386,4.0,1347840000
613,685,4.0,1374192000
98,428,5.0,1346889600
272,589,5.0,1380844800
868,836,5.0,1395187200
785,735,5.0,1377475200
400,50,3.0,1342483200
112,523,5.0,1366588800
352,123,4.0,1320019200
798,298,5.0,1330992000
147,230,4.0,1332374400
585,787,5.0,1398124800
508,631,4.0,1381968000
109,866,3.0,1405296000
410,371,4.0,1387065600
246,92,5.0,1336521600
17,466,5.0,1364169600
824,130,4.0,1315440000
274,249,5.0,1342569600
117,404,4.0,1350518400
80,16,5.0,1352073600
547,800,5.0,1401580800
699,68,4.0,1290902400
57,670,3.0,1373241600
541,134,5.0,1315180800
791,650,4.0,1371859200
223,790,5.0,1401408000
235,547,4.0,1382745600
37,790,4.0,1402790400
431,726,1.0,1376524800
213,722,5.0,1377648000
321,387,5.0,1363651200
529,75,5.0,1282176000
73,541,3.0,1379548800
815,686,5.0,1372464000
810,846,3.0,1394841600
555,691,4.0,1383091200
144,31,3.0,1357171200
83,389,5.0,1349049600
652,546,5.0,1380153600
616,859,4.0,1402444800
652,318,5.0,1340236800
287,865,3.0,1404604800
180,285,3.0,1330300800
869,368,3.0,1358380800
81,12,4.0,1361404800
123,67,5.0,1285027200
751,402,1.0,1349395200
584,556,5.0,1386547200
593,51,5.0,1353369600
807,127,4.0,1317168000
232,803,3.0,1403136000
140,266,2.0,1322697600
278,79,4.0,1279756800
294,87,4.0,1282780800
225,451,2.0,1345507200
840,418,5.0,1343088000
17,832,3.0,1399075200
212,13,4.0,1230163200
883,748,4.0,1386288000
377,148,4.0,1353456000
231,189,3.0,1326499200
357,831,4.0,1397606400
24,556,5.0,1384041600
594,214,5.0,1369267200
604,792,5.0,1400630400
55,800,5.0,1402876800
603,330,4.0,1349568000
475,36,5.0,1382400000
520,801,4.0,1389830400
414,369,2.0,1356652800
321,731,5.0,1376265600
128,854,5.0,1394064000
1,710,2.0,1382572800
248,350,4.0,1383091200
315,191,4.0,1321920000
834,156,3.0,1355529600
417,267,4.0,1322438400
126,19,5.0,1337817600
110,462,4.0,1351123200
511,323,3.0,1365120000
664,58,5.0,1382486400
412,28,3.0,1356307200
355,71,4.0,1280620800
235,190,5.0,1383523200
258,275,4.0,1404604800
147,57,4.0,1263686400
133,121,4.0,1316736000
431,497,3.0,1364428800
865,648,3.0,1384992000
262,29,4.0,1379376000
616,603,4.0,1383350400
378,651,4.0,1385510400
31,721,5.0,1375660800
268,817,5.0,1393977600
381,114,4.0,1318032000
223,274,5.0,1322265600
330,112,5.0,1356566400
515,558,4.0,1380067200
97,494,4.0,1355875200
635,486,5.0,1352937600
532,847,2.0,1392249600
621,377,4.0,1345680000
569,694,3.0,1382400000
474,714,4.0,1377820800
840,230,5.0,1318896000
467,696,5.0,1376956800
484,550,5.0,1375488000
154,682,3.0,1398729600
134,135,5.0,1350864000
176,134,1.0,1314316800
515,41,5.0,1357257600
705,828,2.0,1393891200
785,236,4.0,1323734400
769,744,5.0,1377129600
47,753,5.0,1379548800
83,670,5.0,1375315200
329,776,3.0,1388707200
161,672,3.0,1373068800
893,302,4.0,1357516800
10,340,4.0,1358899200
528,150,5.0,1343260800
611,820,5.0,1391990400
600,434,5.0,1348876800
242,322,4.0,1364428800
793,436,1.0,1344729600
78,781,4.0,1377129600
753,412,3.0,1348272000
93,545,3.0,1377561600
260,838,4.0,1397692800
123,263,4.0,1320537600
315,28,4.0,1360540800
48,710,2.0,1384387200
298,81,5.0,1301011200
327,20,5.0,1342483200
733,702,2.0,1385942400
755,450,2.0,1349395200
702,132,2.0,1377216000
77,705,5.0,1386806400
919,628,4.0,1385510400
12,0,5.0,1358208000
733,574,5.0,1383264000
220,542,4.0,1361232000
44,0,5.0,1356825600
113,331,5.0,1344729600
132,436,3.0,1344988800
434,194,5.0,1314230400
43,81,4.0,1290816000
912,559,5.0,1362960000
105,117,3.0,1316649600
854,305,3.0,1346716800
867,710,3.0,1380153600
45,739,4.0,1387065600
126,634,5.0,1387411200
34,305,2.0,1348876800
396,85,5.0,1282867200
562,776,4.0,1388448000
658,66,5.0,1281225600
276,355,5.0,1345334400
42,363,5.0,1383264000
112,126,4.0,1292371200
313,428,3.0,1348012800
23,399,4.0,1347840000
5,0,4.0,1358812800
800,685,5.0,1374710400
755,443,4.0,1360800000
92,827,4.0,1391817600
800,700,1.0,1388620800
101,480,4.0,1366848000
906,763,5.0,1383609600
153,741,3.0,1384300800
778,557,2.0,1365465600
207,26,3.0,1386115200
802,352,4.0,1349913600
438,699,5.0,1378857600
671,773,2.0,1387065600
122,409,4.0,1365206400
329,400,5.0,1350777600
173,398,3.0,1343520000
534,317,4.0,1343260800
49,235,5.0,1377388800
139,856,5.0,1400544000
762,95,5.0,1287532800
205,774,4.0,1395619200
333,684,4.0,1374883200
51,533,4.0,1377648000
122,468,4.0,1364774400
558,449,5.0,1352678400
170,726,3.0,1374883200
146,109,4.0,1292371200
246,29,3.0,1376179200
454,168,3.0,1327968000
786,129,3.0,1326585600
445,106,5.0,1299024000
18,784,4.0,1383955200
356,430,5.0,1343865600
8,498,4.0,1358208000
377,496,4.0,1389744000
631,728,3.0,1378252800
441,95,4.0,1289692800
97,229,3.0,1317168000
200,432,4.0,1355961600
278,616,4.0,1396224000
775,530,5.0,1357603200
643,502,5.0,1390262400
228,552,4.0,1386806400
645,267,5.0,1327881600
723,155,5.0,1335916800
394,653,5.0,1384992000
372,528,3.0,1361836800
129,231,4.0,1317772800
323,776,4.0,1388707200
19,777,4.0,1399507200
106,326,5.0,1358812800
698,849,3.0,1391212800
374,143,5.0,1321056000
26,417,4.0,1347753600
499,39,5.0,1231977600
781,213,5.0,1317081600
863,679,4.0,1388361600
321,99,5.0,1290384000
343,55,4.0,1292371200
14,471,4.0,1365292800
409,344,4.0,1383436800
20,653,5.0,1383436800
156,445,5.0,1350518400
463,362,5.0,1376784000
351,21,4.0,1338508800
292,655,5.0,1385510400
90,260,4.0,1316995200
170,483,5.0,1345507200
134,331,5.0,1346025600
657,386,5.0,1345852800
434,471,5.0,1363737600
368,604,5.0,1384992000
135,244,3.0,1331683200
919,626,5.0,1376956800
520,478,4.0,1350518400
356,555,4.0,1378166400
466,34,4.0,1319587200
45,506,4.0,1368489600
795,538,4.0,1369094400
560,613,5.0,1386460800
770,564,4.0,1377388800
669,757,5.0,1379548800
474,111,3.0,1400630400
731,145,4.0,1350518400
538,559,4.0,1365638400
296,575,4.0,1383696000
805,794,5.0,1386720000
678,627,4.0,1387411200
368,59,5.0,1353369600
709,126,4.0,1287964800
904,539,5.0,1382659200
538,783,3.0,1379462400
904,405,4.0,1348272000
824,351,4.0,1345680000
795,613,4.0,1377302400
663,163,2.0,1338163200
434,784,3.0,1387324800
148,611,4.0,1388448000
412,177,4.0,1315094400
287,15,5.0,1335398400
255,727,3.0,1383264000
426,56,3.0,1331424000
860,754,4.0,1380412800
616,419,4.0,1354233600
72,115,4.0,1319587200
335,816,4.0,1401840000
15,552,4.0,1380758400
360,503,5.0,1352332800
161,690,4.0,1380585600
792,718,4.0,1375574400
150,39,4.0,1228089600
268,560,4.0,1376092800
887,824,4.0,1405814400
415,425,4.0,1356566400
272,260,4.0,1321315200
689,460,3.0,1347580800
898,478,4.0,1345593600
139,494,4.0,1353888000
190,854,5.0,1397692800
42,547,5.0,1383004800
63,848,2.0,1396742400
208,531,5.0,1375660800
22,555,3.0,1377907200
602,852,4.0,1404864000
357,439,4.0,1368662400
185,394,3.0,1350950400
222,622,3.0,1375142400
678,142,2.0,1329868800
202,127,4.0,1317945600
346,658,2.0,1382832000
7,829,5.0,1398297600
626,203,4.0,1314230400
432,644,5.0,1374105600
725,117,1.0,1314662400
268,852,4.0,1404172800
255,313,4.0,1339286400
207,244,4.0,1314316800
519,563,4.0,1381276800
580,843,5.0,1396051200
544,600,4.0,1383350400
739,140,5.0,1343260800
291,269,4.0,1336953600
725,287,2.0,1340582400
45,711,4.0,1387065600
270,767,5.0,1397865600
96,198,4.0,1314403200
101,395,2.0,1349222400
718,769,3.0,1385856000
538,850,5.0,1405900800
433,245,4.0,1317600000
8,627,5.0,1384819200
560,372,5.0,1387324800
608,813,4.0,1400803200
43,337,4.0,1342483200
841,839,5.0,1395532800
864,263,2.0,1338422400
504,51,5.0,1367280000
18,125,4.0,1295049600
278,211,4.0,1317254400
465,149,5.0,1341619200
456,799,3.0,1398384000
650,153,4.0,1322265600
919,570,5.0,1363564800
816,606,3.0,1374796800
283,205,4.0,1319673600
892,505,5.0,1361836800
551,499,5.0,1365379200
390,839,5.0,1395792000
626,54,3.0,1340755200
151,788,5.0,1398816000
50,0,4.0,1353283200
496,57,4.0,1266364800
65,272,5.0,1347667200
213,646,4.0,1370304000
386,407,4.0,1349308800
22,568,4.0,1375315200
325,310,5.0,1342051200
697,113,1.0,1328313600
616,697,4.0,1384905600
693,318,4.0,1339632000
374,469,5.0,1362614400
204,444,5.0,1358467200
348,216,4.0,1364256000
173,667,3.0,1375228800
70,309,4.0,1343952000
471,155,4.0,1359158400
140,865,2.0,1404691200
903,317,5.0,1339200000
258,604,5.0,1374019200
352,44,5.0,1358208000
654,532,4.0,1374710400
684,220,3.0,1317600000
91,229,3.0,1317081600
601,832,3.0,1397347200
101,3,4.0,1285804800
622,711,5.0,1381017600
191,317,4.0,1339200000
269,700,4.0,1379203200
673,815,3.0,1395705600
876,458,4.0,1347753600
278,421,5.0,1358380800
264,350,4.0,1380412800
644,480,5.0,1349481600
220,713,3.0,1383264000
510,64,4.0,1280275200
457,788,5.0,1401062400
32,458,5.0,1345075200
120,267,5.0,1323734400
194,327,5.0,1340928000
871,421,5.0,1351123200
41,352,5.0,1346716800
649,600,5.0,1383004800
123,307,5.0,1350864000
59,29,3.0,1380585600
182,659,5.0,1384905600
125,79,3.0,1337212800
539,164,4.0,1355961600
296,250,4.0,1348704000
412,95,4.0,1286150400
100,814,3.0,1396742400
332,313,5.0,1338681600
278,53,5.0,1351123200
403,557,2.0,1362873600
402,279,4.0,1361145600
453,741,4.0,1386201600
24,451,2.0,1343779200
515,615,4.0,1397606400
293,248,4.0,1344470400
505,868,5.0,1405987200
769,150,1.0,1341273600
379,490,4.0,1358812800
696,867,5.0,1404604800
93,130,4.0,1364601600
808,692,3.0,1383696000
655,311,5.0,1338249600
134,525,3.0,1358985600
854,458,5.0,1344384000
386,602,4.0,1385942400
158,697,5.0,1386720000
504,457,3.0,1342656000
196,76,4.0,1280188800
631,705,4.0,1386720000
741,388,3.0,1350432000
827,772,4.0,1385596800
493,291,4.0,1334793600
739,548,2.0,1369180800
660,604,5.0,1382659200
412,574,4.0,1383782400
597,248,4.0,1345420800
250,14,5.0,1349136000
6,755,5.0,1379980800
48,547,3.0,1384214400
313,287,4.0,1334707200
161,667,4.0,1374624000
149,149,5.0,1342396800
630,644,3.0,1374192000
37,726,1.0,1378944000
531,732,4.0,1386547200
374,465,5.0,1377820800
321,270,5.0,1363737600
915,813,5.0,1399507200
356,845,5.0,1404259200
338,194,4.0,1316390400
768,767,1.0,1395619200
35,702,4.0,1385078400
154,516,4.0,1365897600
693,295,4.0,1331596800
716,813,4.0,1401235200
861,600,5.0,1383609600
451,579,4.0,1387324800
327,157,2.0,1356480000
4,410,5.0,1346284800
97,90,4.0,1288569600
152,567,4.0,1372809600
244,368,3.0,1357430400
861,177,4.0,1314144000
122,250,5.0,1368748800
693,496,4.0,1395187200
204,285,4.0,1331596800
547,537,5.0,1360368000
77,251,5.0,1324771200
225,11,5.0,1342483200
3,844,3.0,1395878400
221,694,3.0,1384992000
560,671,5.0,1383523200
584,669,5.0,1381708800
308,133,5.0,1320710400
292,319,4.0,1337212800
672,733,5.0,1379808000
215,309,5.0,1345507200
500,347,2.0,1358294400
140,286,2.0,1367452800
31,76,5.0,1279670400
226,68,4.0,1279756800
48,363,4.0,1383696000
0,400,4.0,1350259200
902,664,4.0,1374019200
671,276,4.0,1335571200
219,11,5.0,1345420800
117,39,4.0,1228176000
356,435,5.0,1347753600
41,132,3.0,1378684800
594,672,5.0,1377648000
232,314,4.0,1383177600
271,248,5.0,1345680000
98,83,5.0,1282780800
902,821,5.0,1387411200
799,773,5.0,1385683200
750,569,4.0,1376870400
460,771,3.0,1381968000
298,523,5.0,1361145600
291,826,5.0,1392854400
906,761,5.0,1383609600
689,473,2.0,1352937600
605,212,5.0,1319673600
639,750,5.0,1376352000
476,402,4.0,1350172800
580,858,4.0,1399161600
696,597,4.0,1383609600
177,740,5.0,1395446400
386,491,5.0,1352851200
87,762,5.0,1384041600
569,143,2.0,1322438400
692,789,4.0,1402876800
259,337,5.0,1338854400
92,837,4.0,1395100800
785,639,4.0,1386633600
234,337,5.0,1338249600
410,129,4.0,1308614400
90,462,4.0,1349827200
530,819,5.0,1394841600
565,269,5.0,1336694400
94,143,3.0,1319587200
723,77,4.0,1280534400
872,627,5.0,1384214400
409,212,4.0,1317254400
608,52,4.0,1351382400
246,32,5.0,1356652800
236,709,4.0,1375660800
377,707,2.0,1381795200
180,601,5.0,1383782400
915,825,1.0,1389484800
230,223,5.0,1314921600
201,47,5.0,1220400000
79,35,5.0,1317254400
314,141,5.0,1324512000
309,465,5.0,1381968000
430,148,3.0,1356566400
322,46,4.0,1381968000
77,522,5.0,1364342400
661,634,5.0,1383264000
234,545,1.0,1376956800
575,561,4.0,1374624000
735,644,5.0,1373328000
679,61,4.0,1382572800
329,529,5.0,1383091200
391,834,5.0,1398297600
625,729,2.0,1378339200
918,740,5.0,1397088000
370,491,4.0,1353456000
106,43,4.0,1227484800
738,350,5.0,1383782400
483,244,3.0,1340668800
344,408,4.0,1351036800
350,398,5.0,1344643200
562,531,3.0,1374624000
599,229,4.0,1317081600
151,406,5.0,1350432000
40,595,5.0,1377993600
442,460,4.0,1357516800
496,131,4.0,1389830400
715,507,5.0,1361404800
904,780,5.0,1382486400
146,43,4.0,1228780800
140,860,1.0,1404691200
89,544,3.0,1375574400
516,263,4.0,1318032000
29,860,3.0,1405900800
783,750,4.0,1372464000
501,842,3.0,1395100800
903,671,5.0,1380412800
741,276,5.0,1336348800
731,80,4.0,1287187200
152,458,5.0,1356825600
582,776,5.0,1390608000
770,654,1.0,1377648000
761,789,4.0,1400025600
430,441,4.0,1367280000
637,254,5.0,1326844800
389,370,5.0,1353801600
691,446,5.0,1353974400
618,465,4.0,1378339200
162,748,5.0,1382745600
332,401,4.0,1351296000
453,406,5.0,1348790400
355,868,5.0,1405900800
324,311,4.0,1340236800
619,385,5.0,1350259200
452,795,4.0,1383955200
252,837,4.0,1395273600
908,536,4.0,1359417600
181,817,4.0,1397606400
499,38,5.0,1229558400
108,44,5.0,1222387200
476,705,5.0,1384128000
151,733,4.0,1377388800
852,496,5.0,1390953600
337,518,3.0,1367971200
845,652,4.0,1387411200
676,61,5.0,1384300800
535,450,5.0,1350518400
327,248,5.0,1345248000
514,549,5.0,1363910400
122,796,3.0,1403481600
266,14,5.0,1353628800
453,651,4.0,1388448000
584,705,5.0,1386720000
876,456,4.0,1352678400
307,45,4.0,1324944000
801,817,5.0,1393977600
45,751,5.0,1388361600
60,388,4.0,1349308800
293,701,5.0,1378857600
88,2,5.0,1359158400
546,463,3.0,1351036800
476,847,2.0,1393891200
787,584,5.0,1375315200
794,266,2.0,1323734400
0,627,5.0,1383264000
800,684,4.0,1380412800
766,267,3.0,1326931200
695,234,2.0,1351036800
482,740,5.0,1376352000
841,149,5.0,1365379200
890,539,4.0,1381968000
493,661,3.0,1376524800
702,476,4.0,1344729600
172,297,3.0,1337817600
377,312,3.0,1350864000
31,44,5.0,1223164800
737,377,5.0,1345075200
460,33,4.0,1340236800
543,385,5.0,1358380800
538,44,3.0,1224115200
197,472,4.0,1356739200
246,695,5.0,1379030400
14,634,5.0,1385856000
486,188,5.0,1350345600
411,694,2.0,1381881600
7,243,5.0,1316563200
380,574,4.0,1380672000
20,740,5.0,1393286400
488,457,3.0,1364688000
378,508,3.0,1359676800
610,593,5.0,1380412800
349,470,4.0,1363737600
189,751,5.0,1384992000
511,644,4.0,1373587200
412,842,5.0,1394582400
788,465,3.0,1377648000
83,266,4.0,1322006400
460,580,3.0,1383609600
648,762,5.0,1385942400
199,353,5.0,1345075200
324,689,4.0,1380067200
751,740,3.0,1395187200
812,595,1.0,1379462400
311,584,5.0,1379462400
728,529,4.0,1387065600
276,248,5.0,1341619200
510,521,4.0,1362787200
833,829,4.0,1395792000
257,243,3.0,1329696000
623,683,1.0,1383609600
674,272,5.0,1346371200
50,246,5.0,1322006400
757,501,5.0,1367366400
714,159,3.0,1348185600
302,87,4.0,1289779200
354,240,5.0,1318982400
116,129,4.0,1322524800
780,759,4.0,1381795200
574,118,5.0,1368489600
775,221,4.0,1331942400
36,348,4.0,1374451200
565,728,4.0,1378166400
445,202,5.0,1330387200
668,237,4.0,1351900800
204,553,4.0,1384128000
139,640,5.0,1384128000
20,666,3.0,1377561600
381,68,5.0,1376611200
130,6,4.0,1351123200
404,169,5.0,1324857600
751,116,4.0,1315699200
614,53,5.0,1350604800
367,660,5.0,1379894400
604,147,4.0,1357430400
197,695,3.0,1377561600
597,148,4.0,1356652800
208,389,3.0,1349913600
3,279,4.0,1349395200
786,106,3.0,1318809600
493,417,2.0,1347408000
600,823,4.0,1397260800
168,250,5.0,1340841600
504,395,4.0,1362009600
42,673,5.0,1377993600
231,154,2.0,1326499200
438,165,5.0,1319673600
374,481,3.0,1354233600
340,21,4.0,1336435200
90,748,4.0,1379376000
516,626,5.0,1378598400
644,421,3.0,1358208000
194,269,4.0,1335398400
797,526,3.0,1354147200
520,402,3.0,1350518400
696,718,5.0,1373414400
633,863,3.0,1405641600
11,710,1.0,1382745600
513,200,4.0,1314230400
44,464,4.0,1344902400
627,512,5.0,1385424000
146,788,4.0,1400976000
596,85,4.0,1285113600
360,292,5.0,1331769600
555,634,5.0,1383091200
421,661,3.0,1373241600
193,465,5.0,1355875200
913,615,5.0,1395187200
654,265,5.0,1353628800
685,66,1.0,1324857600
508,831,3.0,1397606400
531,723,5.0,1381881600
75,465,5.0,1381708800
80,689,5.0,1376784000
867,831,3.0,1393891200
34,55,5.0,1295049600
25,7,5.0,1382313600
452,580,4.0,1383955200
38,142,3.0,1320451200
415,367,3.0,1356566400
864,375,5.0,1346630400
161,251,3.0,1317168000
424,29,5.0,1378080000
850,861,4.0,1404086400
39,613,5.0,1386460800
54,271,4.0,1361491200
780,162,4.0,1317168000
92,626,5.0,1376352000
912,697,5.0,1385942400
853,583,4.0,1383523200
74,533,4.0,1376524800
204,487,5.0,1346025600
149,647,3.0,1368316800
641,410,4.0,1350000000
18,738,5.0,1380672000
537,181,5.0,1345680000
904,414,4.0,1340755200
373,23,4.0,1356566400
369,332,5.0,1345680000
900,740,5.0,1384128000
610,131,4.0,1387324800
753,736,3.0,1384214400
580,314,5.0,1382486400
502,611,4.0,1389830400
212,59,4.0,1352246400
601,298,3.0,1331769600
2,354,4.0,1348099200
247,274,3.0,1325376000
324,489,3.0,1347667200
377,600,4.0,1381795200
729,79,2.0,1280275200
174,51,5.0,1363219200
216,155,3.0,1337212800
161,357,5.0,1348617600
16,250,5.0,1342656000
426,285,3.0,1331337600
128,697,5.0,1383436800
381,432,5.0,1360972800
614,623,4.0,1384992000
481,462,4.0,1349740800
458,123,3.0,1350518400
106,286,4.0,1338595200
88,266,5.0,1331769600
307,220,3.0,1324857600
283,434,5.0,1348012800
745,203,3.0,1317168000
236,822,5.0,1394236800
265,391,4.0,1355184000
287,131,3.0,1386288000
302,389,4.0,1350864000
177,489,4.0,1345075200
208,740,5.0,1395446400
9,210,5.0,1316563200
82,794,3.0,1388361600
321,220,5.0,1363651200
824,648,3.0,1386028800
552,487,4.0,1343433600
249,294,4.0,1329955200
236,790,5.0,1402531200
177,122,5.0,1289433600
197,276,4.0,1335571200
282,327,5.0,1343174400
727,563,3.0,1379894400
353,404,3.0,1361145600
441,109,4.0,1292284800
180,532,5.0,1370217600
245,541,4.0,1380844800
324,296,4.0,1345680000
553,46,5.0,1381968000
333,29,2.0,1375488000
162,348,4.0,1374969600
796,579,4.0,1388534400
295,791,5.0,1402963200
286,213,5.0,1322611200
109,428,2.0,1346976000
175,8,4.0,1354233600
72,789,4.0,1398124800
874,266,3.0,1324425600
167,540,5.0,1383091200
37,661,3.0,1376352000
66,88,4.0,1388448000
897,518,4.0,1368144000
315,400,2.0,1350172800
841,316,5.0,1337990400
733,705,1.0,1385769600
243,14,5.0,1352937600
467,338,4.0,1340668800
406,53,3.0,1350345600
569,707,4.0,1377561600
557,96,4.0,1359590400
741,188,5.0,1348963200
281,249,5.0,1342569600
223,669,1.0,1383782400
619,675,5.0,1373241600
367,379,5.0,1348704000
230,84,5.0,1356134400
83,527,4.0,1361923200
422,174,4.0,1382140800
479,282,5.0,1337817600
653,707,2.0,1378252800
494,549,5.0,1363824000
37,450,4.0,1345507200
520,753,5.0,1377734400
833,794,2.0,1388102400
225,621,5.0,1374710400
600,195,4.0,1314144000
364,673,4.0,1380499200
605,841,3.0,1405987200
335,659,5.0,1386460800
58,399,4.0,1346803200
305,118,3.0,1334793600
902,695,5.0,1376956800
370,304,4.0,1348704000
793,756,3.0,1378166400
840,149,5.0,1340755200
661,343,5.0,1353369600
894,451,5.0,1353369600
281,353,5.0,1344816000
305,848,5.0,1387756800
356,204,5.0,1314662400
94,243,4.0,1316995200
748,444,5.0,1351987200
105,577,5.0,1384905600
729,723,4.0,1380153600
725,641,3.0,1376524800
3,455,4.0,1342483200
453,483,4.0,1350518400
103,285,2.0,1330387200
693,166,4.0,1316649600
78,137,4.0,1355961600
849,827,5.0,1390348800
394,385,4.0,1350345600
728,418,4.0,1343779200
577,482,4.0,1346630400
881,671,4.0,1377475200
171,8,4.0,1355443200
545,45,4.0,1319673600
867,833,5.0,1394582400
12,12,5.0,1356480000
706,722,3.0,1382659200
881,748,5.0,1381968000
374,269,5.0,1336608000
504,123,5.0,1320192000
845,792,5.0,1403049600
556,687,5.0,1374451200
560,748,4.0,1385942400
727,762,5.0,1383350400
149,858,5.0,1398816000
750,523,4.0,1368576000
38,870,4.0,1404259200
421,833,5.0,1394755200
193,363,4.0,1377648000
518,265,5.0,1352764800
99,744,4.0,1380153600
548,741,4.0,1384992000
193,380,2.0,1350172800
605,372,5.0,1385251200
208,795,4.0,1384646400
219,69,3.0,1315872000
814,502,3.0,1388534400
160,280,5.0,1327536000
298,140,5.0,1345075200
27,293,3.0,1329868800
301,250,5.0,1342483200
354,458,5.0,1344988800
51,554,5.0,1380758400
718,507,3.0,1364342400
910,375,5.0,1355270400
174,646,5.0,1370304000
650,313,4.0,1340150400
361,313,5.0,1340668800
